,ID,Probability
0,0.0,1.0
1,15.0,1.0
2,30.0,1.0
3,45.0,1.0
4,60.0,1.0
5,75.0,1.0
6,90.0,1.0
7,105.0,1.0
8,120.0,1.0
9,135.0,1.0
10,150.0,1.0
11,165.0,1.0
12,180.0,1.0
13,195.0,1.0
14,210.0,1.0
15,225.0,1.0
16,240.0,1.0
17,255.0,1.0
18,270.0,1.0
19,285.0,1.0
20,300.0,1.0
21,315.0,1.0
22,330.0,1.0
23,345.0,1.0
24,360.0,1.0
25,375.0,1.0
26,390.0,1.0
27,405.0,1.0
28,420.0,1.0
29,435.0,1.0
30,450.0,1.0
31,465.0,1.0
32,480.0,1.0
33,495.0,1.0
34,510.0,1.0
35,525.0,1.0
36,540.0,1.0
37,555.0,1.0
38,570.0,1.0
39,585.0,1.0
40,600.0,1.0
41,615.0,1.0
42,630.0,1.0
43,645.0,1.0
44,660.0,1.0
45,675.0,1.0
46,690.0,1.0
47,705.0,1.0
48,720.0,1.0
49,735.0,1.0
50,750.0,1.0
51,765.0,1.0
52,780.0,1.0
53,795.0,1.0
54,810.0,1.0
55,825.0,1.0
56,840.0,1.0
57,855.0,1.0
58,870.0,1.0
59,885.0,1.0
60,900.0,1.0
61,915.0,1.0
62,930.0,1.0
63,945.0,1.0
64,960.0,1.0
65,975.0,1.0
66,990.0,1.0
67,1005.0,1.0
68,1020.0,1.0
69,1035.0,1.0
70,1050.0,1.0
71,1065.0,1.0
72,1080.0,1.0
73,1095.0,1.0
74,1110.0,1.0
75,1125.0,1.0
76,1140.0,1.0
77,1155.0,1.0
78,1170.0,1.0
79,1185.0,1.0
80,1200.0,1.0
81,1215.0,1.0
82,1230.0,1.0
83,1245.0,1.0
84,1260.0,1.0
85,1275.0,1.0
86,1290.0,1.0
87,1305.0,1.0
88,1320.0,1.0
89,1335.0,1.0
90,1350.0,1.0
91,1365.0,1.0
92,1380.0,1.0
93,1395.0,1.0
94,1410.0,1.0
95,1425.0,1.0
96,1440.0,1.0
97,1455.0,1.0
98,1470.0,1.0
99,1485.0,1.0
100,1500.0,1.0
101,1515.0,1.0
102,1530.0,1.0
103,1545.0,1.0
104,1560.0,1.0
105,1575.0,1.0
106,1590.0,1.0
107,1605.0,1.0
108,1620.0,1.0
109,1635.0,1.0
110,1650.0,1.0
111,1665.0,1.0
112,1680.0,1.0
113,1695.0,1.0
114,1710.0,1.0
115,1725.0,1.0
116,1740.0,1.0
117,1755.0,1.0
118,1770.0,1.0
119,1785.0,1.0
120,1800.0,1.0
121,1815.0,1.0
122,1830.0,1.0
123,1845.0,1.0
124,1860.0,1.0
125,1875.0,1.0
126,1890.0,1.0
127,1905.0,1.0
128,1920.0,1.0
129,1935.0,1.0
130,1950.0,1.0
131,1965.0,1.0
132,1980.0,1.0
133,1995.0,1.0
134,2010.0,1.0
135,2025.0,1.0
136,2040.0,1.0
137,2055.0,1.0
138,2070.0,1.0
139,2085.0,0.9285714285714286
140,2100.0,1.0
141,2115.0,1.0
142,2130.0,1.0
143,2145.0,0.8571428571428571
144,2160.0,0.9285714285714286
145,2175.0,1.0
146,2190.0,1.0
147,2205.0,1.0
148,2220.0,1.0
149,2235.0,1.0
150,2250.0,0.8571428571428571
151,2265.0,1.0
152,2280.0,0.9285714285714286
153,2295.0,1.0
154,2310.0,1.0
155,2325.0,0.7857142857142857
156,2340.0,0.9285714285714286
157,2355.0,0.9285714285714286
158,2370.0,1.0
159,2385.0,0.9285714285714286
160,2400.0,0.9285714285714286
161,2415.0,1.0
162,2430.0,0.9285714285714286
163,2445.0,1.0
164,2460.0,0.9285714285714286
165,2475.0,0.9285714285714286
166,2490.0,1.0
167,2505.0,1.0
168,2520.0,0.9285714285714286
169,2535.0,0.9285714285714286
170,2550.0,1.0
171,2565.0,0.8571428571428571
172,2580.0,0.9285714285714286
173,2595.0,1.0
174,2610.0,0.9285714285714286
175,2625.0,0.9285714285714286
176,2640.0,1.0
177,2655.0,0.9285714285714286
178,2670.0,0.8571428571428571
179,2685.0,1.0
180,2700.0,1.0
181,2715.0,0.8571428571428571
182,2730.0,0.9285714285714286
183,2745.0,0.8571428571428571
184,2760.0,0.7857142857142857
185,2775.0,0.8571428571428571
186,2790.0,0.8571428571428571
187,2805.0,1.0
188,2820.0,0.5714285714285714
189,2835.0,0.7142857142857143
190,2850.0,0.9285714285714286
191,2865.0,0.9285714285714286
192,2880.0,0.7857142857142857
193,2895.0,0.7857142857142857
194,2910.0,0.8571428571428571
195,2925.0,0.8571428571428571
196,2940.0,0.8571428571428571
197,2955.0,0.7857142857142857
198,2970.0,0.8571428571428571
199,2985.0,0.7857142857142857
200,3000.0,0.8571428571428571
201,3015.0,0.7142857142857143
202,3030.0,0.7142857142857143
203,3045.0,0.6428571428571429
204,3060.0,0.8571428571428571
205,3075.0,0.8571428571428571
206,3090.0,0.9285714285714286
207,3105.0,0.7142857142857143
208,3120.0,0.6428571428571429
209,3135.0,0.6428571428571429
210,3150.0,0.7142857142857143
211,3165.0,0.8571428571428571
212,3180.0,0.7857142857142857
213,3195.0,0.6428571428571429
214,3210.0,0.7857142857142857
215,3225.0,0.6428571428571429
216,3240.0,0.7142857142857143
217,3255.0,0.5714285714285714
218,3270.0,0.9285714285714286
219,3285.0,0.7857142857142857
220,3300.0,0.8571428571428571
221,3315.0,0.7142857142857143
222,3330.0,0.7142857142857143
223,3345.0,0.9285714285714286
224,3360.0,0.7142857142857143
225,3375.0,0.7142857142857143
226,3390.0,0.7142857142857143
227,3405.0,0.6428571428571429
228,3420.0,0.6428571428571429
229,3435.0,0.6428571428571429
230,3450.0,0.6428571428571429
231,3465.0,0.8571428571428571
232,3480.0,0.7142857142857143
233,3495.0,0.7142857142857143
234,3510.0,0.7142857142857143
235,3525.0,0.6428571428571429
236,3540.0,0.7857142857142857
237,3555.0,0.5714285714285714
238,3570.0,0.7857142857142857
239,3585.0,0.7857142857142857
240,3600.0,0.7142857142857143
241,3615.0,0.7142857142857143
242,3630.0,0.6428571428571429
243,3645.0,0.6428571428571429
244,3660.0,0.6428571428571429
245,3675.0,0.5714285714285714
246,3690.0,0.7857142857142857
247,3705.0,0.6428571428571429
248,3720.0,0.6428571428571429
249,3735.0,0.7142857142857143
250,3750.0,0.5714285714285714
251,3765.0,0.6428571428571429
252,3780.0,0.5714285714285714
253,3795.0,0.6428571428571429
254,3810.0,0.5
255,3825.0,0.7142857142857143
256,3840.0,0.5714285714285714
257,3855.0,0.7142857142857143
258,3870.0,0.5
259,3885.0,0.6428571428571429
260,3900.0,0.6428571428571429
261,3915.0,0.5
262,3930.0,0.7142857142857143
263,3945.0,0.6428571428571429
264,3960.0,0.6428571428571429
265,3975.0,0.7142857142857143
266,3990.0,0.6428571428571429
267,4005.0,0.6428571428571429
268,4020.0,0.6428571428571429
269,4035.0,0.6428571428571429
270,4050.0,0.6428571428571429
271,4065.0,0.7857142857142857
272,4080.0,0.5714285714285714
273,4095.0,0.5714285714285714
274,4110.0,0.7857142857142857
275,4125.0,0.6428571428571429
276,4140.0,0.6428571428571429
277,4155.0,0.7857142857142857
278,4170.0,0.6428571428571429
279,4185.0,0.7857142857142857
280,4200.0,0.5
281,4215.0,0.7142857142857143
282,4230.0,0.7857142857142857
283,4245.0,0.6428571428571429
284,4260.0,0.7142857142857143
285,4275.0,0.7142857142857143
286,4290.0,0.7857142857142857
287,4305.0,0.5714285714285714
288,4320.0,0.7142857142857143
289,4335.0,0.7857142857142857
290,4350.0,0.6428571428571429
291,4365.0,0.7857142857142857
292,4380.0,0.6428571428571429
293,4395.0,0.6428571428571429
294,4410.0,0.5714285714285714
295,4425.0,0.5
296,4440.0,0.5714285714285714
297,4455.0,0.5714285714285714
298,4470.0,0.6428571428571429
299,4485.0,0.5714285714285714
300,4500.0,0.5
301,4515.0,0.5714285714285714
302,4530.0,0.6428571428571429
303,4545.0,0.5714285714285714
304,4560.0,0.5714285714285714
305,4575.0,0.5
306,4590.0,0.6428571428571429
307,4605.0,0.7857142857142857
308,4620.0,0.5
309,4635.0,0.6428571428571429
310,4650.0,0.6428571428571429
311,4665.0,0.5714285714285714
312,4680.0,0.5
313,4695.0,0.42857142857142855
314,4710.0,0.5
315,4725.0,0.5714285714285714
316,4740.0,0.5
317,4755.0,0.5714285714285714
318,4770.0,0.7857142857142857
319,4785.0,0.6428571428571429
320,4800.0,0.7142857142857143
321,4815.0,0.5714285714285714
322,4830.0,0.6428571428571429
323,4845.0,0.35714285714285715
324,4860.0,0.7857142857142857
325,4875.0,0.7142857142857143
326,4890.0,0.5714285714285714
327,4905.0,0.5
328,4920.0,0.5714285714285714
329,4935.0,0.5714285714285714
330,4950.0,0.6428571428571429
331,4965.0,0.5
332,4980.0,0.5
333,4995.0,0.5
334,5010.0,0.5714285714285714
335,5025.0,0.7142857142857143
336,5040.0,0.5714285714285714
337,5055.0,0.7142857142857143
338,5070.0,0.5
339,5085.0,0.7142857142857143
340,5100.0,0.5
341,5115.0,0.35714285714285715
342,5130.0,0.6428571428571429
343,5145.0,0.6428571428571429
344,5160.0,0.35714285714285715
345,5175.0,0.42857142857142855
346,5190.0,0.5714285714285714
347,5205.0,0.6428571428571429
348,5220.0,0.7142857142857143
349,5235.0,0.35714285714285715
350,5250.0,0.5
351,5265.0,0.35714285714285715
352,5280.0,0.6428571428571429
353,5295.0,0.5
354,5310.0,0.5
355,5325.0,0.5
356,5340.0,0.5714285714285714
357,5355.0,0.6428571428571429
358,5370.0,0.6428571428571429
359,5385.0,0.7142857142857143
360,5400.0,0.6428571428571429
361,5415.0,0.42857142857142855
362,5430.0,0.5714285714285714
363,5445.0,0.42857142857142855
364,5460.0,0.7142857142857143
365,5475.0,0.5
366,5490.0,0.7142857142857143
367,5505.0,0.42857142857142855
368,5520.0,0.5714285714285714
369,5535.0,0.21428571428571427
370,5550.0,0.5714285714285714
371,5565.0,0.6428571428571429
372,5580.0,0.5
373,5595.0,0.5714285714285714
374,5610.0,0.5
375,5625.0,0.5714285714285714
376,5640.0,0.35714285714285715
377,5655.0,0.42857142857142855
378,5670.0,0.5
379,5685.0,0.35714285714285715
380,5700.0,0.5714285714285714
381,5715.0,0.42857142857142855
382,5730.0,0.5
383,5745.0,0.5
384,5760.0,0.35714285714285715
385,5775.0,0.5714285714285714
386,5790.0,0.5
387,5805.0,0.7142857142857143
388,5820.0,0.5
389,5835.0,0.5
390,5850.0,0.42857142857142855
391,5865.0,0.5
392,5880.0,0.42857142857142855
393,5895.0,0.5714285714285714
394,5910.0,0.5714285714285714
395,5925.0,0.42857142857142855
396,5940.0,0.5
397,5955.0,0.35714285714285715
398,5970.0,0.6428571428571429
399,5985.0,0.6428571428571429
400,6000.0,0.5
401,6015.0,0.42857142857142855
402,6030.0,0.5
403,6045.0,0.14285714285714285
404,6060.0,0.42857142857142855
405,6075.0,0.35714285714285715
406,6090.0,0.6428571428571429
407,6105.0,0.5
408,6120.0,0.6428571428571429
409,6135.0,0.5714285714285714
410,6150.0,0.35714285714285715
411,6165.0,0.42857142857142855
412,6180.0,0.5
413,6195.0,0.5714285714285714
414,6210.0,0.5
415,6225.0,0.35714285714285715
416,6240.0,0.5
417,6255.0,0.5
418,6270.0,0.42857142857142855
419,6285.0,0.42857142857142855
420,6300.0,0.42857142857142855
421,6315.0,0.2857142857142857
422,6330.0,0.5714285714285714
423,6345.0,0.35714285714285715
424,6360.0,0.2857142857142857
425,6375.0,0.5
426,6390.0,0.42857142857142855
427,6405.0,0.5714285714285714
428,6420.0,0.2857142857142857
429,6435.0,0.7142857142857143
430,6450.0,0.42857142857142855
431,6465.0,0.6428571428571429
432,6480.0,0.42857142857142855
433,6495.0,0.5
434,6510.0,0.5714285714285714
435,6525.0,0.5
436,6540.0,0.2857142857142857
437,6555.0,0.42857142857142855
438,6570.0,0.2857142857142857
439,6585.0,0.2857142857142857
440,6600.0,0.42857142857142855
441,6615.0,0.2857142857142857
442,6630.0,0.35714285714285715
443,6645.0,0.6428571428571429
444,6660.0,0.6428571428571429
445,6675.0,0.7142857142857143
446,6690.0,0.21428571428571427
447,6705.0,0.2857142857142857
448,6720.0,0.5
449,6735.0,0.5
450,6750.0,0.5714285714285714
451,6765.0,0.5714285714285714
452,6780.0,0.35714285714285715
453,6795.0,0.35714285714285715
454,6810.0,0.35714285714285715
455,6825.0,0.5
456,6840.0,0.2857142857142857
457,6855.0,0.5714285714285714
458,6870.0,0.5
459,6885.0,0.21428571428571427
460,6900.0,0.42857142857142855
461,6915.0,0.5
462,6930.0,0.5714285714285714
463,6945.0,0.5714285714285714
464,6960.0,0.35714285714285715
465,6975.0,0.35714285714285715
466,6990.0,0.5
467,7005.0,0.14285714285714285
468,7020.0,0.2857142857142857
469,7035.0,0.5
470,7050.0,0.5
471,7065.0,0.6428571428571429
472,7080.0,0.2857142857142857
473,7095.0,0.42857142857142855
474,7110.0,0.35714285714285715
475,7125.0,0.7142857142857143
476,7140.0,0.21428571428571427
477,7155.0,0.5714285714285714
478,7170.0,0.2857142857142857
479,7185.0,0.42857142857142855
480,7200.0,0.5714285714285714
481,7215.0,0.2857142857142857
482,7230.0,0.42857142857142855
483,7245.0,0.5
484,7260.0,0.2857142857142857
485,7275.0,0.21428571428571427
486,7290.0,0.35714285714285715
487,7305.0,0.5714285714285714
488,7320.0,0.35714285714285715
489,7335.0,0.21428571428571427
490,7350.0,0.21428571428571427
491,7365.0,0.2857142857142857
492,7380.0,0.42857142857142855
493,7395.0,0.21428571428571427
494,7410.0,0.42857142857142855
495,7425.0,0.5714285714285714
496,7440.0,0.5
497,7455.0,0.5
498,7470.0,0.5
499,7485.0,0.21428571428571427
500,7500.0,0.2857142857142857
501,7515.0,0.42857142857142855
502,7530.0,0.2857142857142857
503,7545.0,0.5714285714285714
504,7560.0,0.42857142857142855
505,7575.0,0.14285714285714285
506,7590.0,0.5
507,7605.0,0.7142857142857143
508,7620.0,0.35714285714285715
509,7635.0,0.42857142857142855
510,7650.0,0.21428571428571427
511,7665.0,0.5
512,7680.0,0.42857142857142855
513,7695.0,0.5
514,7710.0,0.2857142857142857
515,7725.0,0.21428571428571427
516,7740.0,0.21428571428571427
517,7755.0,0.35714285714285715
518,7770.0,0.42857142857142855
519,7785.0,0.35714285714285715
520,7800.0,0.35714285714285715
521,7815.0,0.35714285714285715
522,7830.0,0.21428571428571427
523,7845.0,0.2857142857142857
524,7860.0,0.2857142857142857
525,7875.0,0.2857142857142857
526,7890.0,0.35714285714285715
527,7905.0,0.35714285714285715
528,7920.0,0.21428571428571427
529,7935.0,0.2857142857142857
530,7950.0,0.2857142857142857
531,7965.0,0.5
532,7980.0,0.42857142857142855
533,7995.0,0.2857142857142857
534,8010.0,0.21428571428571427
535,8025.0,0.2857142857142857
536,8040.0,0.35714285714285715
537,8055.0,0.14285714285714285
538,8070.0,0.35714285714285715
539,8085.0,0.42857142857142855
540,8100.0,0.35714285714285715
541,8115.0,0.42857142857142855
542,8130.0,0.42857142857142855
543,8145.0,0.42857142857142855
544,8160.0,0.2857142857142857
545,8175.0,0.21428571428571427
546,8190.0,0.35714285714285715
547,8205.0,0.2857142857142857
548,8220.0,0.2857142857142857
549,8235.0,0.35714285714285715
550,8250.0,0.5
551,8265.0,0.42857142857142855
552,8280.0,0.6428571428571429
553,8295.0,0.35714285714285715
554,8310.0,0.21428571428571427
555,8325.0,0.21428571428571427
556,8340.0,0.21428571428571427
557,8355.0,0.35714285714285715
558,8370.0,0.5
559,8385.0,0.42857142857142855
560,8400.0,0.2857142857142857
561,8415.0,0.2857142857142857
562,8430.0,0.2857142857142857
563,8445.0,0.21428571428571427
564,8460.0,0.2857142857142857
565,8475.0,0.2857142857142857
566,8490.0,0.2857142857142857
567,8505.0,0.2857142857142857
568,8520.0,0.5
569,8535.0,0.35714285714285715
570,8550.0,0.21428571428571427
571,8565.0,0.42857142857142855
572,8580.0,0.2857142857142857
573,8595.0,0.35714285714285715
574,8610.0,0.21428571428571427
575,8625.0,0.21428571428571427
576,8640.0,0.21428571428571427
577,8655.0,0.21428571428571427
578,8670.0,0.35714285714285715
579,8685.0,0.42857142857142855
580,8700.0,0.35714285714285715
581,8715.0,0.5
582,8730.0,0.35714285714285715
583,8745.0,0.2857142857142857
584,8760.0,0.35714285714285715
585,8775.0,0.35714285714285715
586,8790.0,0.35714285714285715
587,8805.0,0.42857142857142855
588,8820.0,0.5
589,8835.0,0.14285714285714285
590,8850.0,0.21428571428571427
591,8865.0,0.2857142857142857
592,8880.0,0.42857142857142855
593,8895.0,0.2857142857142857
594,8910.0,0.42857142857142855
595,8925.0,0.42857142857142855
596,8940.0,0.35714285714285715
597,8955.0,0.5714285714285714
598,8970.0,0.21428571428571427
599,8985.0,0.14285714285714285
600,9000.0,0.42857142857142855
601,9015.0,0.35714285714285715
602,9030.0,0.2857142857142857
603,9045.0,0.2857142857142857
604,9060.0,0.5714285714285714
605,9075.0,0.21428571428571427
606,9090.0,0.2857142857142857
607,9105.0,0.14285714285714285
608,9120.0,0.21428571428571427
609,9135.0,0.2857142857142857
610,9150.0,0.42857142857142855
611,9165.0,0.35714285714285715
612,9180.0,0.21428571428571427
613,9195.0,0.35714285714285715
614,9210.0,0.21428571428571427
615,9225.0,0.2857142857142857
616,9240.0,0.2857142857142857
617,9255.0,0.14285714285714285
618,9270.0,0.35714285714285715
619,9285.0,0.21428571428571427
620,9300.0,0.35714285714285715
621,9315.0,0.35714285714285715
622,9330.0,0.35714285714285715
623,9345.0,0.2857142857142857
624,9360.0,0.35714285714285715
625,9375.0,0.21428571428571427
626,9390.0,0.2857142857142857
627,9405.0,0.2857142857142857
628,9420.0,0.42857142857142855
629,9435.0,0.42857142857142855
630,9450.0,0.2857142857142857
631,9465.0,0.14285714285714285
632,9480.0,0.07142857142857142
633,9495.0,0.2857142857142857
634,9510.0,0.42857142857142855
635,9525.0,0.21428571428571427
636,9540.0,0.6428571428571429
637,9555.0,0.21428571428571427
638,9570.0,0.14285714285714285
639,9585.0,0.21428571428571427
640,9600.0,0.7142857142857143
641,9615.0,0.2857142857142857
642,9630.0,0.2857142857142857
643,9645.0,0.21428571428571427
644,9660.0,0.5714285714285714
645,9675.0,0.2857142857142857
646,9690.0,0.42857142857142855
647,9705.0,0.2857142857142857
648,9720.0,0.42857142857142855
649,9735.0,0.21428571428571427
650,9750.0,0.2857142857142857
651,9765.0,0.2857142857142857
652,9780.0,0.5714285714285714
653,9795.0,0.5
654,9810.0,0.21428571428571427
655,9825.0,0.42857142857142855
656,9840.0,0.2857142857142857
657,9855.0,0.35714285714285715
658,9870.0,0.35714285714285715
659,9885.0,0.2857142857142857
660,9900.0,0.14285714285714285
661,9915.0,0.14285714285714285
662,9930.0,0.35714285714285715
663,9945.0,0.14285714285714285
664,9960.0,0.2857142857142857
665,9975.0,0.21428571428571427
666,9990.0,0.2857142857142857
667,10005.0,0.21428571428571427
668,10020.0,0.07142857142857142
669,10035.0,0.14285714285714285
670,10050.0,0.21428571428571427
671,10065.0,0.2857142857142857
672,10080.0,0.14285714285714285
673,10095.0,0.35714285714285715
674,10110.0,0.2857142857142857
675,10125.0,0.21428571428571427
676,10140.0,0.2857142857142857
677,10155.0,0.35714285714285715
678,10170.0,0.2857142857142857
679,10185.0,0.21428571428571427
680,10200.0,0.2857142857142857
681,10215.0,0.2857142857142857
682,10230.0,0.21428571428571427
683,10245.0,0.42857142857142855
684,10260.0,0.14285714285714285
685,10275.0,0.2857142857142857
686,10290.0,0.42857142857142855
687,10305.0,0.21428571428571427
688,10320.0,0.21428571428571427
689,10335.0,0.21428571428571427
690,10350.0,0.42857142857142855
691,10365.0,0.14285714285714285
692,10380.0,0.2857142857142857
693,10395.0,0.2857142857142857
694,10410.0,0.35714285714285715
695,10425.0,0.2857142857142857
696,10440.0,0.35714285714285715
697,10455.0,0.35714285714285715
698,10470.0,0.2857142857142857
699,10485.0,0.35714285714285715
700,10500.0,0.42857142857142855
701,10515.0,0.0
702,10530.0,0.07142857142857142
703,10545.0,0.21428571428571427
704,10560.0,0.2857142857142857
705,10575.0,0.35714285714285715
706,10590.0,0.42857142857142855
707,10605.0,0.2857142857142857
708,10620.0,0.5
709,10635.0,0.35714285714285715
710,10650.0,0.14285714285714285
711,10665.0,0.21428571428571427
712,10680.0,0.21428571428571427
713,10695.0,0.35714285714285715
714,10710.0,0.42857142857142855
715,10725.0,0.2857142857142857
716,10740.0,0.14285714285714285
717,10755.0,0.5714285714285714
718,10770.0,0.14285714285714285
719,10785.0,0.21428571428571427
720,10800.0,0.21428571428571427
721,10815.0,0.35714285714285715
722,10830.0,0.42857142857142855
723,10845.0,0.2857142857142857
724,10860.0,0.14285714285714285
725,10875.0,0.21428571428571427
726,10890.0,0.21428571428571427
727,10905.0,0.5714285714285714
728,10920.0,0.2857142857142857
729,10935.0,0.35714285714285715
730,10950.0,0.21428571428571427
731,10965.0,0.2857142857142857
732,10980.0,0.21428571428571427
733,10995.0,0.21428571428571427
734,11010.0,0.35714285714285715
735,11025.0,0.14285714285714285
736,11040.0,0.2857142857142857
737,11055.0,0.14285714285714285
738,11070.0,0.07142857142857142
739,11085.0,0.21428571428571427
740,11100.0,0.2857142857142857
741,11115.0,0.2857142857142857
742,11130.0,0.2857142857142857
743,11145.0,0.42857142857142855
744,11160.0,0.14285714285714285
745,11175.0,0.07142857142857142
746,11190.0,0.35714285714285715
747,11205.0,0.0
748,11220.0,0.42857142857142855
749,11235.0,0.21428571428571427
750,11250.0,0.42857142857142855
751,11265.0,0.14285714285714285
752,11280.0,0.21428571428571427
753,11295.0,0.35714285714285715
754,11310.0,0.21428571428571427
755,11325.0,0.2857142857142857
756,11340.0,0.21428571428571427
757,11355.0,0.21428571428571427
758,11370.0,0.14285714285714285
759,11385.0,0.35714285714285715
760,11400.0,0.2857142857142857
761,11415.0,0.2857142857142857
762,11430.0,0.2857142857142857
763,11445.0,0.5714285714285714
764,11460.0,0.2857142857142857
765,11475.0,0.14285714285714285
766,11490.0,0.2857142857142857
767,11505.0,0.21428571428571427
768,11520.0,0.21428571428571427
769,11535.0,0.21428571428571427
770,11550.0,0.21428571428571427
771,11565.0,0.35714285714285715
772,11580.0,0.14285714285714285
773,11595.0,0.2857142857142857
774,11610.0,0.14285714285714285
775,11625.0,0.21428571428571427
776,11640.0,0.35714285714285715
777,11655.0,0.21428571428571427
778,11670.0,0.2857142857142857
779,11685.0,0.21428571428571427
780,11700.0,0.14285714285714285
781,11715.0,0.2857142857142857
782,11730.0,0.14285714285714285
783,11745.0,0.42857142857142855
784,11760.0,0.07142857142857142
785,11775.0,0.21428571428571427
786,11790.0,0.42857142857142855
787,11805.0,0.14285714285714285
788,11820.0,0.35714285714285715
789,11835.0,0.35714285714285715
790,11850.0,0.2857142857142857
791,11865.0,0.35714285714285715
792,11880.0,0.2857142857142857
793,11895.0,0.2857142857142857
794,11910.0,0.21428571428571427
795,11925.0,0.5
796,11940.0,0.21428571428571427
797,11955.0,0.21428571428571427
798,11970.0,0.35714285714285715
799,11985.0,0.2857142857142857
800,12000.0,0.07142857142857142
801,12015.0,0.14285714285714285
802,12030.0,0.21428571428571427
803,12045.0,0.07142857142857142
804,12060.0,0.2857142857142857
805,12075.0,0.35714285714285715
806,12090.0,0.2857142857142857
807,12105.0,0.2857142857142857
808,12120.0,0.21428571428571427
809,12135.0,0.21428571428571427
810,12150.0,0.07142857142857142
811,12165.0,0.35714285714285715
812,12180.0,0.07142857142857142
813,12195.0,0.21428571428571427
814,12210.0,0.14285714285714285
815,12225.0,0.42857142857142855
816,12240.0,0.0
817,12255.0,0.0
818,12270.0,0.07142857142857142
819,12285.0,0.14285714285714285
820,12300.0,0.14285714285714285
821,12315.0,0.14285714285714285
822,12330.0,0.35714285714285715
823,12345.0,0.14285714285714285
824,12360.0,0.42857142857142855
825,12375.0,0.35714285714285715
826,12390.0,0.35714285714285715
827,12405.0,0.14285714285714285
828,12420.0,0.14285714285714285
829,12435.0,0.21428571428571427
830,12450.0,0.14285714285714285
831,12465.0,0.21428571428571427
832,12480.0,0.2857142857142857
833,12495.0,0.14285714285714285
834,12510.0,0.35714285714285715
835,12525.0,0.14285714285714285
836,12540.0,0.0
837,12555.0,0.14285714285714285
838,12570.0,0.07142857142857142
839,12585.0,0.0
