,Elapsed_Time,Data
0,0.0,1.6480000000000003e-08
1,0.183,
2,0.377,
3,0.577,1.84e-08
4,0.777,1.3600000000000001e-08
5,0.983,
6,1.184,1.3919999999999998e-08
7,1.377,
8,1.578,
9,1.778,1.696e-08
10,1.983,1.4880000000000002e-08
11,2.177,
12,2.378,1.3600000000000001e-08
13,2.578,1.6e-08
14,2.778,1.776e-08
15,2.982,1.712e-08
16,3.177,
17,3.378,1.456e-08
18,3.577,1.76e-08
19,3.777,
20,3.981,1.472e-08
21,4.177,1.7919999999999998e-08
22,4.378,1.84e-08
23,4.58,1.6799999999999998e-08
24,4.778,1.6799999999999998e-08
25,4.98,1.856e-08
26,5.178,1.776e-08
27,5.378,1.776e-08
28,5.577,1.952e-08
29,5.777,1.76e-08
30,5.982,1.904e-08
31,6.177,1.744e-08
32,6.377,1.808e-08
33,6.577,2e-08
34,6.777,2.096e-08
35,6.979,1.7919999999999998e-08
36,7.177,2.16e-08
37,7.377,2.3040000000000003e-08
38,7.577,2.2559999999999998e-08
39,7.778,2.544e-08
40,7.982,2.4479999999999998e-08
41,8.177,2.496e-08
42,8.377,2.7519999999999998e-08
43,8.577,2.512e-08
44,8.777,2.544e-08
45,8.978,2.512e-08
46,9.177,2.1440000000000002e-08
47,9.378,2.544e-08
48,9.578,2.3519999999999998e-08
49,9.777,2.48e-08
50,9.982,2.48e-08
51,10.178,2.592e-08
52,10.377,2.416e-08
53,10.578,2.16e-08
54,10.778,2.336e-08
55,10.978,2.4479999999999998e-08
56,11.177,2.7519999999999998e-08
57,11.377,2.32e-08
58,11.578,2.6080000000000003e-08
59,11.778,2.912e-08
60,11.982,2.6880000000000003e-08
61,12.177,2.864e-08
62,12.377,2.96e-08
63,12.577,2.432e-08
64,12.778,3.2799999999999996e-08
65,12.978,2.7839999999999997e-08
66,13.179,2.64e-08
67,13.377,2.8e-08
68,13.578,2.464e-08
69,13.777,2.7200000000000002e-08
70,13.978,2.7839999999999997e-08
71,14.178,2.48e-08
72,14.377,2.592e-08
73,14.578,2.992e-08
74,14.778,2.4479999999999998e-08
75,14.984,2.544e-08
76,15.177,3.04e-08
77,15.377,3.008e-08
78,15.577,3.184e-08
79,15.782,2.864e-08
80,15.981,2.992e-08
81,16.177,2.96e-08
82,16.377,3.2160000000000005e-08
83,16.578,2.992e-08
84,16.777,3.0560000000000004e-08
85,16.981,2.992e-08
86,17.177,3.472e-08
87,17.378,3.728e-08
88,17.578,3.0560000000000004e-08
89,17.781,2.8960000000000003e-08
90,17.987,2.8960000000000003e-08
91,18.178,3.3599999999999996e-08
92,18.379,3.2160000000000005e-08
93,18.577,3.632e-08
94,18.777,2.9279999999999998e-08
95,18.982,3.184e-08
96,19.177,2.9760000000000003e-08
97,19.377,3.712e-08
98,19.577,3.3760000000000006e-08
99,19.777,2.8480000000000004e-08
100,19.992,3.6e-08
101,20.178,3.44e-08
102,20.378,2.88e-08
103,20.577,3.52e-08
104,20.788,4.3680000000000005e-08
105,20.98,3.264e-08
106,21.177,3.1519999999999994e-08
107,21.378,3.536e-08
108,21.577,3.424e-08
109,21.778,3.3280000000000004e-08
110,21.983,3.792e-08
111,22.177,3.3760000000000006e-08
112,22.377,3.3280000000000004e-08
113,22.578,4.144e-08
114,22.777,3.52e-08
115,22.983,4.848e-08
116,23.177,3.6e-08
117,23.377,3.232e-08
118,23.579,3.904e-08
119,23.778,4.5280000000000006e-08
120,23.982,3.888e-08
121,24.177,2.9279999999999998e-08
122,24.377,3.824e-08
123,24.577,4.7039999999999996e-08
124,24.777,4.2560000000000005e-08
125,24.977,3.872e-08
126,25.178,4.6080000000000006e-08
127,25.377,3.776e-08
128,25.577,4.24e-08
129,25.778,3.3760000000000006e-08
130,25.977,4.3039999999999994e-08
131,26.179,4.144e-08
132,26.377,4.4639999999999995e-08
133,26.577,4.688e-08
134,26.777,3.1519999999999994e-08
135,26.985,4.912e-08
136,27.177,3.5039999999999995e-08
137,27.377,5.247999999999999e-08
138,27.583,3.76e-08
139,27.777,5.28e-08
140,27.982,4.4000000000000004e-08
141,28.176,4.96e-08
142,28.377,5.2e-08
143,28.578,3.552e-08
144,28.779,4.5119999999999996e-08
145,28.99,6.303999999999999e-08
146,29.182,5.456000000000001e-08
147,29.378,6.416e-08
148,29.58,4.912e-08
149,29.778,3.6e-08
150,29.978,4.784e-08
151,30.177,4.0960000000000004e-08
152,30.377,4.912e-08
153,30.578,5.008e-08
154,30.781,5.648e-08
155,30.977,4.112e-08
156,31.177,4.4800000000000004e-08
157,31.379,6.368e-08
158,31.577,4.064e-08
159,31.778,5.184e-08
160,31.981,5.648e-08
161,32.178,2.56e-08
162,32.377,5.056e-08
163,32.577,2.592e-08
164,32.777,6.544e-08
165,32.977,4.4160000000000006e-08
166,33.178,5.28e-08
167,33.378,5.056e-08
168,33.577,4.848e-08
169,33.777,7.343999999999999e-08
170,33.981,7.152000000000001e-08
171,34.177,5.8559999999999996e-08
172,34.377,5.76e-08
173,34.577,5.3600000000000004e-08
174,34.785,7.503999999999999e-08
175,34.982,5.392e-08
176,35.177,5.28e-08
177,35.386,5.9520000000000006e-08
178,35.582,6.544e-08
179,35.778,4.4000000000000004e-08
180,35.982,5.68e-08
181,36.178,5.52e-08
182,36.377,6.864e-08
183,36.579,4.88e-08
184,36.778,5.472e-08
185,36.985,4.576000000000001e-08
186,37.177,5.567999999999999e-08
187,37.377,5.456000000000001e-08
188,37.578,7.248e-08
189,37.778,5.888e-08
190,37.978,5.808e-08
191,38.178,5.8720000000000006e-08
192,38.377,7.408e-08
193,38.577,7.327999999999999e-08
194,38.778,4.016e-08
195,38.978,7.28e-08
196,39.178,6.4e-08
197,39.377,7.024e-08
198,39.577,6.928e-08
199,39.777,4.976e-08
200,39.978,6.464e-08
201,40.179,5.2160000000000005e-08
202,40.377,4.992e-08
203,40.578,4.144e-08
204,40.778,4.88e-08
205,40.977,5.392e-08
206,41.182,6.144e-08
207,41.377,6.447999999999999e-08
208,41.577,7.04e-08
209,41.779,5.5039999999999995e-08
210,41.977,7.696000000000001e-08
211,42.177,5.84e-08
212,42.378,6.032e-08
213,42.577,8.384e-08
214,42.778,6.656000000000001e-08
215,42.978,5.5520000000000003e-08
216,43.18,6.272000000000001e-08
217,43.377,5.648e-08
218,43.577,7.568e-08
219,43.778,8.656e-08
220,43.978,5.536000000000001e-08
221,44.178,7.2e-08
222,44.379,5.92e-08
223,44.577,7.568e-08
224,44.777,6.352e-08
225,44.977,8.656e-08
226,45.178,7.296e-08
227,45.378,6.352e-08
228,45.578,6.912000000000001e-08
229,45.78,6.704e-08
230,45.982,6.816e-08
231,46.178,4.688e-08
232,46.377,6.096e-08
233,46.577,6.496000000000001e-08
234,46.778,7.487999999999999e-08
235,46.978,7.584e-08
236,47.182,8.016e-08
237,47.385,6.912000000000001e-08
238,47.577,8.496e-08
239,47.778,5.2160000000000005e-08
240,47.977,6.368e-08
241,48.178,6.736e-08
242,48.378,7.808e-08
243,48.577,7.072e-08
244,48.777,8.4e-08
245,48.988,5.744e-08
246,49.177,9.407999999999999e-08
247,49.377,5.567999999999999e-08
248,49.579,1.0208e-07
249,49.777,7.824e-08
250,49.977,7.2e-08
251,50.182,4.224e-08
252,50.378,7.792000000000001e-08
253,50.578,8.656e-08
254,50.777,6.832e-08
255,50.978,5.8720000000000006e-08
256,51.177,5.936e-08
257,51.377,6.752000000000001e-08
258,51.577,8.272e-08
259,51.777,6.4e-08
260,51.978,6.96e-08
261,52.179,5.7759999999999996e-08
262,52.377,7.824e-08
263,52.577,4.64e-08
264,52.778,6.559999999999999e-08
265,52.977,7.792000000000001e-08
266,53.177,7.264e-08
267,53.378,6.976e-08
268,53.579,4.4000000000000004e-08
269,53.777,8.688e-08
270,53.978,3.84e-08
271,54.177,7.52e-08
272,54.378,7.856e-08
273,54.579,7.824e-08
274,54.778,7.744e-08
275,54.977,7.424e-08
276,55.177,9.136e-08
277,55.378,6.88e-08
278,55.577,8.096e-08
279,55.777,7.552e-08
280,55.977,7.68e-08
281,56.177,8.08e-08
282,56.377,7.487999999999999e-08
283,56.577,9.631999999999999e-08
284,56.778,8.016e-08
285,56.978,6.96e-08
286,57.177,1.0448e-07
287,57.378,8.32e-08
288,57.577,6.336e-08
289,57.781,8.448e-08
290,57.984,1.168e-07
291,58.177,7.92e-08
292,58.377,8.288e-08
293,58.577,8.224e-08
294,58.778,7.264e-08
295,58.978,7.776e-08
296,59.178,9.072000000000001e-08
297,59.377,1.12e-07
298,59.577,7.696000000000001e-08
299,59.777,5.904e-08
300,59.981,6.384e-08
301,60.178,1.48e-07
302,60.378,1.0752000000000001e-07
303,60.581,8.432e-08
304,60.777,8.256e-08
305,60.982,8.816e-08
306,61.177,5.5520000000000003e-08
307,61.377,8e-08
308,61.578,1e-07
309,61.778,1.1744000000000001e-07
310,61.978,1.1744000000000001e-07
311,62.178,1.0272e-07
312,62.377,1.0288e-07
313,62.578,6.224000000000001e-08
314,62.777,9.679999999999999e-08
315,62.977,7.856e-08
316,63.178,1.0607999999999998e-07
317,63.378,7.968e-08
318,63.578,6.32e-08
319,63.777,7.36e-08
320,63.982,1.3632e-07
321,64.177,1.0032e-07
322,64.378,1.3888e-07
323,64.578,9.359999999999999e-08
324,64.778,8.448e-08
325,64.977,1.4288e-07
326,65.183,1.1072000000000001e-07
327,65.378,1.0895999999999999e-07
328,65.577,1.0352e-07
329,65.777,1.4960000000000002e-07
330,65.979,1.2512e-07
331,66.178,1.0864000000000001e-07
332,66.377,6.16e-08
333,66.58,1.0016e-07
334,66.777,7.776e-08
335,66.982,7.343999999999999e-08
336,67.177,9.872e-08
337,67.377,1.1392000000000002e-07
338,67.577,1.1152000000000001e-07
339,67.779,1.0352e-07
340,67.979,1.4384e-07
341,68.181,8.08e-08
342,68.381,9.263999999999999e-08
343,68.577,1.096e-07
344,68.777,1.4928e-07
345,68.988,8.368e-08
346,69.178,9.263999999999999e-08
347,69.377,9.423999999999999e-08
348,69.577,1.1744000000000001e-07
349,69.784,1.3904e-07
350,69.982,1.5456e-07
351,70.177,9.664e-08
352,70.378,6.64e-08
353,70.578,1.168e-07
354,70.778,8.56e-08
355,70.983,7.552e-08
356,71.177,1.2895999999999998e-07
357,71.377,1.12e-07
358,71.577,7.264e-08
359,71.778,2.2768e-07
360,71.982,1.0720000000000001e-07
361,72.181,1.3872e-07
362,72.377,1.1055999999999999e-07
363,72.578,8.863999999999999e-08
364,72.777,1.1024000000000001e-07
365,72.981,1.3152e-07
366,73.177,1.2575999999999998e-07
367,73.377,6.016e-08
368,73.577,1.7408e-07
369,73.777,1.4704e-07
370,73.977,1.36e-07
371,74.178,9.376e-08
372,74.378,1.3152e-07
373,74.578,1.5199999999999998e-07
374,74.778,1.1167999999999999e-07
375,74.978,1.8719999999999998e-07
376,75.177,1.7232e-07
377,75.378,5.888e-08
378,75.579,9.472000000000002e-08
379,75.778,9.664e-08
380,75.981,1.3904e-07
381,76.177,1.2192e-07
382,76.378,8.416000000000001e-08
383,76.577,1.1744000000000001e-07
384,76.777,9.103999999999999e-08
385,76.978,9.328e-08
386,77.178,1.1696e-07
387,77.377,1.0704000000000001e-07
388,77.579,1.2832e-07
389,77.783,1.552e-07
390,77.977,1.2944e-07
391,78.178,1.0432000000000001e-07
392,78.381,6.752000000000001e-08
393,78.579,1.3856e-07
394,78.777,9.536e-08
395,78.99,1.5424e-07
396,79.178,1.1872e-07
397,79.376,1.8864e-07
398,79.577,2.56e-07
399,79.778,1.1872e-07
400,79.978,1.3968e-07
401,80.177,2.88e-07
402,80.377,1.3439999999999999e-07
403,80.578,9.696e-08
404,80.779,8.592e-08
405,80.98,1.6399999999999999e-07
406,81.182,1.9408e-07
407,81.378,2.3296e-07
408,81.578,1.4672e-07
409,81.777,1.48e-07
410,81.978,1.7055999999999999e-07
411,82.178,1.2224000000000001e-07
412,82.377,1.544e-07
413,82.577,1.1167999999999999e-07
414,82.78,9.103999999999999e-08
415,82.99,1.4448e-07
416,83.178,1.3439999999999999e-07
417,83.379,1.4544e-07
418,83.578,1.3439999999999999e-07
419,83.777,1.3872e-07
420,83.983,1.9952000000000003e-07
421,84.178,1.2352e-07
422,84.378,1.6272000000000002e-07
423,84.577,1.6e-07
424,84.782,1.3968e-07
425,84.987,1.5728e-07
426,85.177,1.3936e-07
427,85.377,1.4944000000000002e-07
428,85.577,1.1104000000000001e-07
429,85.778,1.3327999999999999e-07
430,85.984,9.6e-08
431,86.178,1.408e-07
432,86.377,1.0895999999999999e-07
433,86.577,2.3008000000000003e-07
434,86.777,1.3264e-07
435,86.978,2.24e-07
436,87.179,2.0416e-07
437,87.377,9.6e-08
438,87.578,1.3119999999999998e-07
439,87.778,2.656e-07
440,87.978,2.96e-07
441,88.178,1.1232000000000002e-07
442,88.377,2.056e-07
443,88.579,1.9167999999999998e-07
444,88.778,1.2175999999999997e-07
445,88.977,1.704e-07
446,89.178,2.208e-07
447,89.378,1.4752000000000001e-07
448,89.577,1.3936e-07
449,89.778,1.1184000000000001e-07
450,89.98,8.816e-08
451,90.177,1.104e-07
452,90.378,1.192e-07
453,90.577,9.263999999999999e-08
454,90.781,1.368e-07
455,90.978,1.2048e-07
456,91.178,2.0336e-07
457,91.377,2.064e-08
458,91.578,1.4112e-07
459,91.78,1.2672e-07
460,91.987,2.7408000000000003e-07
461,92.178,9.568e-08
462,92.377,1.5024e-07
463,92.578,1.3616e-07
464,92.778,1.2175999999999997e-07
465,92.99,1.9152e-07
466,93.181,1.5215999999999998e-07
467,93.378,1.9344000000000002e-07
468,93.577,1.6335999999999998e-07
469,93.784,1.08e-07
470,93.981,1.408e-07
471,94.177,1.0928e-07
472,94.377,1.1439999999999999e-07
473,94.578,7.856e-08
474,94.778,1.7344000000000002e-07
475,94.984,3.3808e-07
476,95.178,1.512e-07
477,95.377,8.256e-08
478,95.578,1.6816e-07
479,95.778,1.7024000000000002e-07
480,95.978,9.263999999999999e-08
481,96.178,2.1311999999999997e-07
482,96.378,2.3248e-07
483,96.577,9.583999999999999e-08
484,96.781,2.6576e-07
485,96.984,1.0912000000000001e-07
486,97.177,3.5711999999999996e-07
487,97.378,1.1504000000000002e-07
488,97.578,2.6224e-07
489,97.778,1.5824000000000002e-07
490,97.978,1.3392000000000002e-07
491,98.178,1.0895999999999999e-07
492,98.377,1.4e-07
493,98.578,3.4416e-07
494,98.779,1.7887999999999997e-07
495,98.98,1.08e-07
496,99.178,1.4832000000000002e-07
497,99.377,3.5296e-07
498,99.582,1.632e-07
499,99.778,1.9552e-07
500,99.983,2.3808000000000002e-07
501,100.178,1.5952e-07
502,100.378,1.1536e-07
503,100.578,1.4255999999999997e-07
504,100.783,2.6191999999999995e-07
505,100.985,2.1712e-07
506,101.187,2.7600000000000004e-07
507,101.379,1.2607999999999997e-07
508,101.579,2.728e-07
509,101.778,2.968e-07
510,101.978,1.2592e-07
511,102.178,1.2416e-07
512,102.384,1.2895999999999998e-07
513,102.577,2.2768e-07
514,102.778,3.816e-07
515,102.977,1.2096e-07
516,103.18,2.5568e-07
517,103.378,1.4416e-07
518,103.581,1.6576e-07
519,103.777,4.4176e-07
520,103.982,1.2624e-07
521,104.184,3.7552e-07
522,104.378,2.1968000000000005e-07
523,104.577,1.8288e-07
524,104.777,1.184e-07
525,104.982,1.6e-07
526,105.178,1.7376e-07
527,105.377,2.4976e-07
528,105.577,2.2831999999999997e-07
529,105.777,2.7248e-07
530,105.985,8.527999999999999e-08
531,106.178,1.0064e-07
532,106.377,3.3856000000000004e-07
533,106.581,2.0192e-07
534,106.779,1.9984000000000002e-07
535,106.977,3.4912e-07
536,107.177,2.4624e-07
537,107.379,1.7104e-07
538,107.577,1.7936e-07
539,107.777,1.9344000000000002e-07
540,107.98,1.3568e-07
541,108.18,1.6704000000000002e-07
542,108.381,2.9535999999999997e-07
543,108.578,1.56e-07
544,108.784,2.2128e-07
545,108.981,1.8624000000000003e-07
546,109.177,1.8288e-07
547,109.378,1.7408e-07
548,109.577,9.247999999999999e-08
549,109.778,2.0128e-07
550,109.979,1.3728e-07
551,110.178,2.2864000000000001e-07
552,110.378,1.328e-07
553,110.577,2.0911999999999998e-07
554,110.781,1.5408e-07
555,110.979,2.6816e-07
556,111.178,4.1616000000000004e-07
557,111.383,1.392e-07
558,111.578,2.6096e-07
559,111.777,1.2784e-07
560,111.988,1.7152000000000002e-07
561,112.177,9.344e-08
562,112.378,1.8512e-07
563,112.578,2.136e-07
564,112.778,4.6176000000000003e-07
565,112.98,3.7840000000000005e-07
566,113.18,8.384e-08
567,113.378,1.24e-07
568,113.578,1.5552e-07
569,113.782,1.4784e-07
570,113.978,2.2351999999999998e-07
571,114.177,4.2512e-07
572,114.378,3.0256e-07
573,114.582,3.6991999999999997e-07
574,114.778,4.1391999999999994e-07
575,114.979,1.8016e-07
576,115.178,2.872e-07
577,115.378,8.352000000000001e-08
578,115.578,2.7872e-07
579,115.777,4.568e-07
580,115.978,1.7504e-07
581,116.178,2.9776e-07
582,116.38,3.064e-07
583,116.584,4.3376000000000004e-07
584,116.778,3.1071999999999997e-07
585,116.984,4.9536e-07
586,117.179,2.0128e-07
587,117.377,4.5263999999999996e-07
588,117.578,2.6368000000000004e-07
589,117.782,4.7648000000000004e-07
590,117.978,2.7952e-07
591,118.178,1.4928e-07
592,118.381,3.2928000000000005e-07
593,118.577,1.8384e-07
594,118.781,4.0159999999999994e-07
595,118.98,9.392000000000001e-08
596,119.184,2.7856e-07
597,119.378,1.8992e-07
598,119.577,3.0688e-07
599,119.779,2.6032e-07
600,119.977,1.368e-07
601,120.177,1.1007999999999999e-07
602,120.378,2.1184000000000002e-07
603,120.578,4.3824e-07
604,120.78,2.3055999999999997e-07
605,120.978,3.7648000000000005e-07
606,121.178,2.3568e-07
607,121.377,1.9104e-07
608,121.578,3.0688e-07
609,121.779,2.1231999999999998e-07
610,121.979,3.1424e-07
611,122.177,3.9744e-07
612,122.379,1.408e-07
613,122.577,1.2864000000000002e-07
614,122.778,
615,122.978,3.1984000000000004e-07
616,123.178,9.376e-08
617,123.377,3.6544e-07
618,123.577,3.7376e-07
619,123.777,2.7824000000000004e-07
620,123.98,3.2751999999999996e-07
621,124.178,2.0016e-07
622,124.377,1.632e-07
623,124.577,2.4112e-07
624,124.778,3.256e-07
625,124.983,2.1568e-07
626,125.177,1.008e-07
627,125.379,2.656e-07
628,125.578,5.079999999999999e-07
629,125.777,1.3936e-07
630,125.978,
631,126.177,
632,126.378,1.3056e-07
633,126.579,2.3280000000000002e-07
634,126.777,4.5936000000000006e-07
635,126.99,1.6624e-07
636,127.178,1.392e-07
637,127.378,5.415999999999999e-07
638,127.579,2.5728000000000004e-07
639,127.777,2.9248000000000004e-07
640,127.978,2.832e-07
641,128.177,2.7536e-07
642,128.378,5.1248e-07
643,128.579,2.0352e-07
644,128.778,2.0367999999999998e-07
645,128.978,2.3648000000000004e-07
646,129.184,1.224e-07
647,129.378,1.504e-07
648,129.582,3.8064e-07
649,129.778,1.9616e-07
650,129.978,1.0384000000000001e-07
651,130.178,4.0864000000000004e-07
652,130.377,2.3103999999999998e-07
653,130.578,4.92e-07
654,130.777,2.6496e-07
655,130.977,2.6464e-07
656,131.177,
657,131.378,1.3952e-07
658,131.584,3.3744e-07
659,131.785,2.3151999999999997e-07
660,131.978,3.3152e-07
661,132.179,5.16e-07
662,132.381,3.2240000000000003e-07
663,132.578,1.4128e-07
664,132.784,1.4992e-07
665,132.982,2.6304e-07
666,133.178,5.2208e-07
667,133.378,1.5232e-07
668,133.578,2.1536e-07
669,133.778,1.7472000000000002e-07
670,133.982,2.4464e-07
671,134.178,5.611199999999999e-07
672,134.38,2.9888000000000004e-07
673,134.577,3.0384e-07
674,134.778,1.5904000000000003e-07
675,134.988,3.8656e-07
676,135.181,3.7775999999999996e-07
677,135.38,4.8112e-07
678,135.579,3.1312e-07
679,135.777,1.5856e-07
680,135.995,1.6416e-07
681,136.177,1.4335999999999998e-07
682,136.377,4.896e-07
683,136.578,
684,136.779,4.1056000000000004e-07
685,136.978,2.7136e-07
686,137.181,5.166399999999999e-07
687,137.377,2.5296e-07
688,137.578,1.4848e-07
689,137.778,1.3327999999999999e-07
690,137.979,4.1711999999999997e-07
691,138.178,2.1024e-07
692,138.378,4.1376000000000007e-07
693,138.577,2.416e-07
694,138.778,3.7648000000000005e-07
695,138.978,5.6256e-07
696,139.178,3.2751999999999996e-07
697,139.378,
698,139.583,1.3952e-07
699,139.777,3.408e-07
700,139.978,1.9072e-07
701,140.178,2.0576e-07
702,140.378,1.728e-07
703,140.579,5.7856e-07
704,140.778,2.7376e-07
705,140.98,4.4688000000000004e-07
706,141.178,2.48e-07
707,141.377,2.1775999999999999e-07
708,141.578,
709,141.778,
710,141.981,
711,142.177,
712,142.378,3.9104e-07
713,142.579,
714,142.778,3.9872e-07
715,142.978,4.432e-07
716,143.183,4.0095999999999996e-07
717,143.378,3.7824e-07
718,143.58,1.3184000000000002e-07
719,143.782,2.432e-07
720,143.988,2.432e-07
721,144.178,4.5152e-07
722,144.378,1.576e-07
723,144.577,6.2896e-07
724,144.778,5.3904e-07
725,144.982,3.568e-07
726,145.178,1.4144e-07
727,145.378,2.6191999999999995e-07
728,145.578,2.4848e-07
729,145.779,5.622399999999999e-07
730,145.978,1.9664000000000002e-07
731,146.178,2.3184000000000002e-07
732,146.378,3.3152e-07
733,146.577,1.9296e-07
734,146.778,2.1904e-07
735,146.978,3.5856e-07
736,147.178,1.736e-07
737,147.378,4.1488e-07
738,147.578,4.201600000000001e-07
739,147.778,2.2831999999999997e-07
740,147.978,1.5728e-07
741,148.178,5.2784e-07
742,148.379,2.8576e-07
743,148.578,1.4944000000000002e-07
744,148.782,1.0832e-07
745,148.986,3.7072e-07
746,149.18,
747,149.378,
748,149.579,
749,149.777,4.7536e-07
750,149.98,2.4815999999999997e-07
751,150.178,5.247999999999999e-07
752,150.382,5.4304e-07
753,150.584,2.1248e-07
754,150.779,2.4896000000000003e-07
755,150.979,2.3600000000000002e-07
756,151.178,1.7584e-07
757,151.378,2.4976e-07
758,151.581,3.1631999999999996e-07
759,151.777,
760,151.978,
761,152.184,5.0688e-07
762,152.378,4.6832e-07
763,152.577,4.5328000000000005e-07
764,152.778,1.8672e-07
765,152.978,2.4656e-07
766,153.178,2.0671999999999996e-07
767,153.378,1.5968e-07
768,153.579,1.7504e-07
769,153.778,5.0576e-07
770,153.978,
771,154.179,5.0944e-07
772,154.378,4.3056000000000006e-07
773,154.577,
774,154.778,4.2031999999999994e-07
775,154.979,2.4e-07
776,155.177,3.4224e-07
777,155.378,1.5535999999999998e-07
778,155.578,1.768e-07
779,155.778,4.5711999999999995e-07
780,155.978,4.6464e-07
781,156.183,3.4464e-07
782,156.378,1.8512e-07
783,156.579,4.9232e-07
784,156.778,4.4176e-07
785,156.978,4.806399999999999e-07
786,157.182,1.5904000000000003e-07
787,157.378,2.1488000000000003e-07
788,157.578,3.3311999999999995e-07
789,157.778,2.1440000000000001e-07
790,157.978,3.232e-07
791,158.177,3.4576e-07
792,158.378,1.9712e-07
793,158.579,
794,158.779,5.5456e-07
795,158.981,3.7952e-07
796,159.178,1.5648e-07
797,159.378,2.4912e-07
798,159.583,
799,159.778,1.9904e-07
800,159.978,
801,160.177,3.1631999999999996e-07
802,160.377,4.1263999999999997e-07
803,160.584,3.3503999999999996e-07
804,160.778,2.2064e-07
805,160.978,4.4368e-07
806,161.178,2.4336e-07
807,161.379,5.102399999999999e-07
808,161.578,3.7312e-07
809,161.777,5.096e-07
810,161.978,2.6879999999999997e-07
811,162.178,
812,162.377,
813,162.577,
814,162.783,
815,162.978,
816,163.181,
817,163.378,
818,163.578,
819,163.781,
820,163.979,5.8544e-07
821,164.177,3.0336e-07
822,164.381,1.2544000000000002e-07
823,164.579,
824,164.777,5.9872e-07
825,164.981,2.9216e-07
826,165.181,
827,165.378,
828,165.578,
829,165.777,
830,165.983,
831,166.183,
832,166.383,
833,166.58,
834,166.778,
835,166.978,4.9968e-07
836,167.18,4.304e-07
837,167.378,2.1375999999999998e-07
838,167.578,2.752e-07
839,167.777,2.5088000000000003e-07
840,167.978,
841,168.178,3.416e-07
842,168.378,4.824e-07
843,168.578,
844,168.778,
845,168.978,
846,169.182,
847,169.377,1.8432000000000003e-07
848,169.578,4.0304000000000004e-07
849,169.778,5.9392e-07
850,169.978,1.424e-07
851,170.178,3.544e-07
852,170.378,2.528e-07
853,170.578,3.5375999999999996e-07
854,170.778,
855,170.977,
856,171.178,4.0064e-07
857,171.378,2.192e-07
858,171.577,
859,171.78,5.8224e-07
860,171.978,4.4479999999999996e-07
861,172.177,4.6176000000000003e-07
862,172.378,5.606399999999999e-07
863,172.577,2.416e-07
864,172.777,3.5183999999999995e-07
865,172.978,5.1488e-07
866,173.178,
867,173.377,
868,173.58,
869,173.778,
870,173.978,
871,174.178,
872,174.379,
873,174.578,1.7808e-07
874,174.778,5.1344e-07
875,174.978,5.384e-07
876,175.178,5.2128e-07
877,175.377,2.9744e-07
878,175.578,3.6e-07
879,175.778,6.072e-07
880,175.977,
881,176.177,1.6032e-07
882,176.384,4.504e-07
883,176.578,2.6271999999999996e-07
884,176.778,
885,176.984,
886,177.178,
887,177.377,
888,177.578,
889,177.779,5.272e-07
890,177.981,2.9856e-07
891,178.178,
892,178.378,
893,178.578,
894,178.778,
895,178.978,
896,179.178,
897,179.377,
898,179.579,
899,179.785,
900,179.982,
901,180.178,
902,180.382,
903,180.578,
904,180.781,
905,180.978,
906,181.178,
907,181.377,
908,181.578,
909,181.778,
910,181.981,
911,182.179,
912,182.378,
913,182.578,
914,182.778,
915,182.982,
916,183.178,
917,183.378,
918,183.578,
919,183.777,
920,183.981,
921,184.183,
922,184.377,
923,184.577,
924,184.779,
925,184.99,
926,185.178,
927,185.378,
928,185.578,
929,185.777,
930,185.982,
931,186.183,
932,186.378,
933,186.578,
934,186.778,
935,186.978,
936,187.178,
937,187.379,
938,187.578,
939,187.777,4.4992e-07
940,187.979,2.096e-07
941,188.182,3.2256e-07
942,188.378,
943,188.578,
944,188.778,
945,188.978,
946,189.178,
947,189.378,
948,189.578,
949,189.777,
950,189.979,
951,190.178,
952,190.378,
953,190.578,
954,190.782,
955,190.978,
956,191.181,
957,191.378,
958,191.578,
959,191.777,
960,191.978,
961,192.183,
962,192.378,
963,192.579,
964,192.778,
965,192.978,
966,193.178,
967,193.378,
968,193.578,
969,193.777,
970,193.978,
971,194.183,
972,194.381,
973,194.583,
974,194.778,
975,194.982,
976,195.179,
977,195.378,
978,195.578,3.7183999999999997e-07
979,195.777,
980,195.978,
981,196.179,
982,196.378,
983,196.578,3.9296e-07
984,196.778,1.9936e-07
985,196.978,2.0896e-07
986,197.178,2.1392e-07
987,197.378,
988,197.578,
989,197.779,
990,197.978,
991,198.178,
992,198.378,
993,198.578,
994,198.778,
995,198.978,
996,199.183,
997,199.378,
998,199.577,
999,199.777,5.3792e-07
1000,199.977,
1001,200.178,
1002,200.377,
1003,200.58,
1004,200.778,
1005,200.978,
1006,201.181,
1007,201.378,
1008,201.578,
1009,201.777,
1010,201.981,
1011,202.182,
1012,202.377,
1013,202.578,
1014,202.778,
1015,202.979,
1016,203.178,
1017,203.378,
1018,203.578,
1019,203.777,
1020,203.978,
1021,204.178,
1022,204.378,
1023,204.582,
1024,204.778,
1025,204.978,
1026,205.178,
1027,205.378,
1028,205.578,
1029,205.777,
1030,205.978,
1031,206.179,5.104e-07
1032,206.378,1.0016e-07
1033,206.578,2.2831999999999997e-07
1034,206.778,3.3455999999999995e-07
1035,206.978,
1036,207.178,
1037,207.378,3.6336e-07
1038,207.578,
1039,207.777,3.9968000000000004e-07
1040,207.978,
1041,208.178,1.9648e-07
1042,208.378,3.9184e-07
1043,208.578,3.9008e-07
1044,208.781,2.8496e-07
1045,208.98,
1046,209.178,
1047,209.378,
1048,209.578,
1049,209.777,
1050,209.978,
1051,210.178,
1052,210.378,
1053,210.578,
1054,210.778,
1055,210.978,
1056,211.178,
1057,211.378,
1058,211.578,4.1456000000000003e-07
1059,211.778,5.9408e-07
1060,211.978,3.2e-07
1061,212.183,
1062,212.378,
1063,212.578,3.9376e-07
1064,212.778,3.3264000000000005e-07
1065,212.978,3.9696e-07
1066,213.178,1.9808e-07
1067,213.378,
1068,213.578,3.1056e-07
1069,213.777,2.7584e-07
1070,213.978,
1071,214.179,
1072,214.378,
1073,214.578,
1074,214.778,
1075,214.978,
1076,215.178,
1077,215.378,
1078,215.578,
1079,215.777,3.0048e-07
1080,215.978,
1081,216.179,
1082,216.382,
1083,216.578,4.7264e-07
1084,216.778,
1085,216.979,4.2128e-07
1086,217.178,3.1488e-07
1087,217.378,
1088,217.578,5.609600000000001e-07
1089,217.777,
1090,217.978,
1091,218.178,
1092,218.378,
1093,218.582,
1094,218.778,4.8176e-07
1095,218.978,
1096,219.178,2.96e-07
1097,219.378,
1098,219.578,
1099,219.777,
1100,219.978,
1101,220.178,
1102,220.378,
1103,220.579,
1104,220.778,
1105,220.986,
1106,221.179,
1107,221.378,
1108,221.578,
1109,221.777,
1110,221.978,
1111,222.183,
1112,222.378,
1113,222.578,
1114,222.778,
1115,222.981,
1116,223.178,
1117,223.378,
1118,223.578,
1119,223.777,
1120,223.981,
1121,224.184,
1122,224.378,
1123,224.578,
1124,224.778,
1125,224.979,
1126,225.178,
1127,225.378,
1128,225.578,
1129,225.781,
1130,225.978,
1131,226.179,
1132,226.378,
1133,226.578,
1134,226.778,
1135,226.978,
1136,227.177,
1137,227.384,
1138,227.577,
1139,227.777,
1140,227.978,
1141,228.178,
1142,228.378,
1143,228.578,
1144,228.778,
1145,228.979,
1146,229.182,
1147,229.378,
1148,229.578,
1149,229.778,
1150,229.978,
1151,230.178,
1152,230.378,
1153,230.578,
1154,230.778,
1155,230.979,
1156,231.178,
1157,231.377,
1158,231.58,
1159,231.778,
1160,231.98,
1161,232.178,
1162,232.378,
1163,232.578,
1164,232.778,
1165,232.978,
1166,233.178,
1167,233.377,
1168,233.578,
1169,233.778,
1170,233.978,
1171,234.178,
1172,234.382,
1173,234.578,
1174,234.778,
1175,234.978,
1176,235.178,
1177,235.378,
1178,235.578,
1179,235.778,
1180,235.98,
1181,236.178,
1182,236.378,
1183,236.578,
1184,236.778,
1185,236.978,
1186,237.178,
1187,237.377,
1188,237.578,
1189,237.778,
1190,237.978,
1191,238.178,
1192,238.378,
1193,238.578,
1194,238.778,
1195,238.978,
1196,239.178,
1197,239.377,
1198,239.578,
1199,239.779,
1200,239.978,
1201,240.179,
1202,240.378,
1203,240.578,
1204,240.778,
1205,240.978,
1206,241.178,
1207,241.377,
1208,241.578,4.4272e-07
1209,241.779,4.4912e-07
1210,241.978,
1211,242.178,3.9376e-07
1212,242.378,2.2496e-07
1213,242.578,
1214,242.778,
1215,242.978,
1216,243.178,5.3008e-07
1217,243.377,
1218,243.578,
1219,243.778,
1220,243.978,
1221,244.178,3.4431999999999995e-07
1222,244.378,
1223,244.578,
1224,244.778,5.032e-07
1225,244.982,
1226,245.178,3.1488e-07
1227,245.378,
1228,245.578,
1229,245.779,
1230,245.978,
1231,246.178,
1232,246.378,
1233,246.578,
1234,246.778,
1235,246.978,
1236,247.178,
1237,247.377,6.216e-07
1238,247.578,4.7408e-07
1239,247.784,4.1808e-07
1240,247.981,5.328e-07
1241,248.178,
1242,248.381,2.8832e-07
1243,248.582,3.1104e-07
1244,248.778,2.1664e-07
1245,248.978,
1246,249.178,
1247,249.377,
1248,249.578,
1249,249.778,
1250,249.978,
1251,250.178,
1252,250.378,
1253,250.578,
1254,250.778,
1255,250.981,
1256,251.178,
1257,251.377,
1258,251.578,
1259,251.779,
1260,251.978,
1261,252.178,
1262,252.382,
1263,252.578,
1264,252.782,4.0016e-07
1265,252.978,
1266,253.178,
1267,253.377,4.0544000000000006e-07
1268,253.578,
1269,253.779,
1270,253.982,
1271,254.178,
1272,254.378,
1273,254.578,
1274,254.778,
1275,254.979,3.0736e-07
1276,255.178,
1277,255.377,
1278,255.578,
1279,255.778,
1280,255.978,
1281,256.178,
1282,256.378,
1283,256.578,
1284,256.778,
1285,256.978,
1286,257.178,
1287,257.377,
1288,257.578,
1289,257.779,
1290,257.978,
1291,258.178,
1292,258.378,
1293,258.578,
1294,258.778,
1295,258.978,
1296,259.178,
1297,259.377,
1298,259.578,
1299,259.779,
1300,259.979,
1301,260.178,
1302,260.378,
1303,260.578,
1304,260.778,
1305,260.979,
1306,261.178,
1307,261.377,
1308,261.578,3.6512000000000003e-07
1309,261.779,4.4671999999999997e-07
1310,261.978,
1311,262.178,5.304e-07
1312,262.378,5.1184e-07
1313,262.578,5.8672e-07
1314,262.781,4.7583999999999995e-07
1315,262.98,
1316,263.178,
1317,263.377,
1318,263.578,4.368e-07
1319,263.779,2.4736e-07
1320,263.982,6.0672e-07
1321,264.18,2.8128e-07
1322,264.378,4.2608000000000007e-07
1323,264.578,
1324,264.778,5.2272e-07
1325,264.978,4.56e-07
1326,265.178,
1327,265.378,
1328,265.581,2.912e-07
1329,265.779,3.32e-07
1330,265.989,4.2463999999999997e-07
1331,266.178,2.536e-07
1332,266.378,
1333,266.579,
1334,266.777,
1335,266.978,
1336,267.178,
1337,267.377,
1338,267.577,
1339,267.778,
1340,267.981,
1341,268.178,
1342,268.378,
1343,268.578,
1344,268.778,
1345,268.978,
1346,269.182,
1347,269.377,
1348,269.578,
1349,269.779,
1350,269.978,
1351,270.178,
1352,270.378,
1353,270.578,
1354,270.778,
1355,270.978,
1356,271.178,
1357,271.377,
1358,271.578,
1359,271.779,
1360,271.978,
1361,272.179,
1362,272.378,
1363,272.578,
1364,272.778,
1365,272.978,
1366,273.179,
1367,273.377,
1368,273.578,
1369,273.778,
1370,273.981,
1371,274.178,
1372,274.378,
1373,274.579,
1374,274.778,
1375,274.979,
1376,275.178,
1377,275.377,
1378,275.578,
1379,275.778,
1380,275.978,
1381,276.178,
1382,276.378,
1383,276.578,
1384,276.778,
1385,276.978,
1386,277.179,
1387,277.38,
1388,277.578,
1389,277.778,
1390,277.98,
1391,278.178,
1392,278.378,
1393,278.578,
1394,278.778,
1395,278.977,
1396,279.178,
1397,279.379,
1398,279.578,
1399,279.778,
1400,279.978,
1401,280.179,
1402,280.378,
1403,280.579,
1404,280.778,
1405,280.979,
1406,281.178,
1407,281.378,
1408,281.578,
1409,281.779,
1410,281.978,
1411,282.178,
1412,282.378,
1413,282.578,
1414,282.781,
1415,282.978,
1416,283.178,
1417,283.378,
1418,283.578,
1419,283.778,
1420,283.978,
1421,284.178,
1422,284.378,
1423,284.578,
1424,284.779,
1425,284.977,
1426,285.178,
1427,285.379,
1428,285.578,
1429,285.778,
1430,285.978,
1431,286.178,
1432,286.378,
1433,286.578,
1434,286.778,
1435,286.98,
1436,287.178,
1437,287.379,
1438,287.578,
1439,287.778,
1440,287.978,
1441,288.178,
1442,288.379,
1443,288.578,
1444,288.778,
1445,288.977,
1446,289.178,
1447,289.379,
1448,289.578,
1449,289.778,
1450,289.978,
1451,290.18,
1452,290.378,
1453,290.578,
1454,290.778,
1455,290.98,
1456,291.179,
1457,291.379,
1458,291.578,
1459,291.778,
1460,291.978,
1461,292.178,
1462,292.378,
1463,292.578,
1464,292.778,
1465,292.98,
1466,293.178,
1467,293.378,
1468,293.578,
1469,293.778,
1470,293.978,
1471,294.178,
1472,294.378,
1473,294.578,
1474,294.779,
1475,294.978,
1476,295.178,
1477,295.379,
1478,295.578,
1479,295.778,
1480,295.978,
1481,296.178,
1482,296.378,
1483,296.578,
1484,296.778,
1485,296.977,
1486,297.179,
1487,297.381,
1488,297.578,
1489,297.778,
1490,297.978,
1491,298.178,
1492,298.381,
1493,298.578,
1494,298.781,
1495,298.977,
1496,299.178,
1497,299.378,
1498,299.578,
1499,299.778,
1500,299.978,
1501,300.178,
1502,300.378,
1503,300.578,
1504,300.778,
1505,300.978,
1506,301.179,
1507,301.379,
1508,301.578,
1509,301.778,
1510,301.98,
1511,302.179,
1512,302.378,
1513,302.578,
1514,302.778,
1515,302.978,
1516,303.178,
1517,303.379,
1518,303.578,
1519,303.778,
1520,303.978,
1521,304.178,
1522,304.378,
1523,304.578,
1524,304.778,
1525,304.98,
1526,305.178,
1527,305.378,
1528,305.578,
1529,305.778,
1530,305.982,
1531,306.178,
1532,306.378,
1533,306.578,
1534,306.778,
1535,306.978,
1536,307.178,
1537,307.379,
1538,307.578,
1539,307.778,
1540,307.981,
1541,308.179,
1542,308.378,
1543,308.578,
1544,308.782,
1545,308.978,
1546,309.178,
1547,309.379,
1548,309.578,
1549,309.778,
1550,309.981,
1551,310.178,
1552,310.378,
1553,310.578,
1554,310.778,
1555,310.978,
1556,311.178,
1557,311.379,
1558,311.578,
1559,311.778,
1560,311.978,
1561,312.178,
1562,312.378,
1563,312.578,
1564,312.778,
1565,312.979,
1566,313.178,
1567,313.379,
1568,313.578,
1569,313.778,
1570,313.979,
1571,314.178,
1572,314.378,
1573,314.578,
1574,314.778,
1575,314.98,
1576,315.178,
1577,315.379,
1578,315.578,
1579,315.778,
1580,315.978,
1581,316.178,
1582,316.378,
1583,316.578,
1584,316.778,
1585,316.977,
1586,317.178,
1587,317.379,
1588,317.578,
1589,317.778,
1590,317.978,
1591,318.181,
1592,318.378,
1593,318.578,
1594,318.778,4.3952e-07
1595,318.977,2.2896e-07
1596,319.179,
1597,319.379,
1598,319.578,
1599,319.778,
1600,319.978,
1601,320.178,
1602,320.378,5.070399999999999e-07
1603,320.578,1.9072e-07
1604,320.781,4.52e-07
1605,320.977,2.344e-07
1606,321.178,
1607,321.379,
1608,321.578,
1609,321.779,
1610,321.978,
1611,322.184,
1612,322.378,
1613,322.578,
1614,322.778,
1615,322.977,
1616,323.179,3.8576e-07
1617,323.379,5.233600000000001e-07
1618,323.578,
1619,323.778,
1620,323.979,
1621,324.178,
1622,324.378,
1623,324.578,5.456e-07
1624,324.779,
1625,324.98,
1626,325.179,
1627,325.379,
1628,325.578,4.688e-07
1629,325.778,
1630,325.979,
1631,326.178,
1632,326.378,
1633,326.578,
1634,326.778,
1635,326.977,
1636,327.178,
1637,327.378,
1638,327.581,
1639,327.778,
1640,327.979,
1641,328.178,5.1904e-07
1642,328.378,3.2079999999999996e-07
1643,328.578,
1644,328.778,
1645,328.977,
1646,329.181,
1647,329.378,
1648,329.578,
1649,329.778,
1650,329.981,
1651,330.178,
