,Elapsed_Time,Data
0,0.0,2088.5
1,0.183,
2,0.377,
3,0.577,2176.0
4,0.777,4227.0
5,0.983,
6,1.184,4349.0
7,1.377,
8,1.578,
9,1.778,2222.0
10,1.983,4722.5
11,2.177,
12,2.378,4300.0
13,2.578,5066.5
14,2.778,2060.0
15,2.982,2275.0
16,3.177,
17,3.378,4609.5
18,3.577,2247.5
19,3.777,
20,3.981,4603.0
21,4.177,2243.0
22,4.378,5879.5
23,4.58,5375.5
24,4.778,5487.5
25,4.98,5924.0
26,5.178,5604.5
27,5.378,5630.5
28,5.577,6229.5
29,5.777,5667.0
30,5.982,6093.5
31,6.177,5601.5
32,6.377,5785.5
33,6.577,6408.5
34,6.777,6664.5
35,6.979,5651.0
36,7.177,6894.5
37,7.377,7373.0
38,7.577,7175.5
39,7.778,8160.5
40,7.982,7960.0
41,8.177,8118.5
42,8.377,8931.5
43,8.577,8148.5
44,8.777,8239.0
45,8.978,8066.5
46,9.177,6974.5
47,9.378,8185.5
48,9.578,7634.5
49,9.777,7970.0
50,9.982,7952.5
51,10.178,8351.0
52,10.377,7828.5
53,10.578,6942.5
54,10.778,7528.0
55,10.978,7910.0
56,11.177,8954.0
57,11.377,7338.0
58,11.578,8495.0
59,11.778,9599.5
60,11.982,8727.0
61,12.177,9419.0
62,12.377,9687.0
63,12.577,7942.5
64,12.778,10795.5
65,12.978,9079.5
66,13.179,8559.5
67,13.377,9203.5
68,13.578,8022.5
69,13.777,8944.5
70,13.978,9079.5
71,14.178,8030.0
72,14.377,8455.5
73,14.578,9745.0
74,14.778,7901.0
75,14.984,8285.5
76,15.177,10024.5
77,15.377,9929.0
78,15.577,10589.0
79,15.782,9498.0
80,15.981,9935.0
81,16.177,9698.5
82,16.377,10559.0
83,16.578,9983.0
84,16.777,10043.0
85,16.981,9892.0
86,17.177,11332.0
87,17.378,11833.5
88,17.578,10121.0
89,17.781,9545.5
90,17.987,9452.0
91,18.178,11042.0
92,18.379,10722.0
93,18.577,11670.0
94,18.777,9608.0
95,18.982,10496.5
96,19.177,9699.0
97,19.377,11973.5
98,19.577,11021.5
99,19.777,9324.5
100,19.992,11586.0
101,20.178,11274.0
102,20.378,9403.0
103,20.577,11378.0
104,20.788,13123.5
105,20.98,10783.5
106,21.177,10343.0
107,21.378,11493.5
108,21.577,11229.0
109,21.778,10934.0
110,21.983,12066.0
111,22.177,11022.0
112,22.377,10933.5
113,22.578,12809.5
114,22.777,11475.5
115,22.983,13869.5
116,23.177,11697.0
117,23.377,10657.0
118,23.579,12460.5
119,23.778,13424.5
120,23.982,12294.0
121,24.177,9690.5
122,24.377,12166.0
123,24.577,13661.5
124,24.777,12901.5
125,24.977,12225.0
126,25.178,13528.5
127,25.377,12141.5
128,25.577,13020.0
129,25.778,11096.0
130,25.977,13186.0
131,26.179,12793.5
132,26.377,13387.5
133,26.577,13712.5
134,26.777,10438.5
135,26.985,13962.5
136,27.177,11422.5
137,27.377,14375.5
138,27.583,12046.0
139,27.777,14393.0
140,27.982,13200.0
141,28.176,14095.5
142,28.377,14285.5
143,28.578,11498.5
144,28.779,13472.0
145,28.99,15452.5
146,29.182,14654.0
147,29.378,15591.5
148,29.58,14013.0
149,29.778,11705.0
150,29.978,13885.0
151,30.177,12689.5
152,30.377,14066.0
153,30.578,14139.0
154,30.781,14913.0
155,30.977,12718.0
156,31.177,13447.5
157,31.379,15506.0
158,31.577,12695.0
159,31.778,14316.5
160,31.981,14933.5
161,32.178,8250.0
162,32.377,14162.0
163,32.577,8481.0
164,32.777,15692.0
165,32.977,13296.5
166,33.178,14442.0
167,33.378,14251.5
168,33.577,13953.0
169,33.777,16416.0
170,33.981,16243.0
171,34.177,15171.5
172,34.377,15077.5
173,34.577,14495.0
174,34.785,16516.0
175,34.982,14550.0
176,35.177,14464.0
177,35.386,15278.0
178,35.582,15745.5
179,35.778,13338.5
180,35.982,14880.5
181,36.178,14746.5
182,36.377,15957.0
183,36.579,13972.0
184,36.778,14717.5
185,36.985,13578.5
186,37.177,14855.5
187,37.377,14695.0
188,37.578,16351.0
189,37.778,15115.0
190,37.978,15083.5
191,38.178,15214.0
192,38.377,16551.5
193,38.577,16420.0
194,38.778,12696.5
195,38.978,16356.5
196,39.178,15589.5
197,39.377,16132.0
198,39.577,16077.5
199,39.777,14090.0
200,39.978,15627.0
201,40.179,14380.5
202,40.377,14160.5
203,40.578,12854.0
204,40.778,14025.5
205,40.977,14536.0
206,41.182,15417.5
207,41.377,15609.0
208,41.577,16104.0
209,41.779,14822.5
210,41.977,16765.5
211,42.177,15268.0
212,42.378,15320.5
213,42.577,17286.5
214,42.778,15879.5
215,42.978,14757.5
216,43.18,15486.0
217,43.377,14914.0
218,43.577,16706.5
219,43.778,17350.0
220,43.978,14774.0
221,44.178,16354.5
222,44.379,15295.5
223,44.577,16714.5
224,44.777,15551.0
225,44.977,17441.5
226,45.178,16435.5
227,45.378,15552.0
228,45.578,16035.0
229,45.78,15926.5
230,45.982,15999.0
231,46.178,13658.5
232,46.377,15369.0
233,46.577,15730.0
234,46.778,16636.0
235,46.978,16664.0
236,47.182,16949.0
237,47.385,16055.5
238,47.577,17209.5
239,47.778,14318.0
240,47.977,15649.5
241,48.178,15975.5
242,48.378,16732.0
243,48.577,16255.0
244,48.777,17322.0
245,48.988,15070.5
246,49.177,17578.5
247,49.377,14773.5
248,49.579,17698.5
249,49.777,16826.0
250,49.977,16402.5
251,50.182,13133.0
252,50.378,16847.0
253,50.578,17428.0
254,50.777,15943.0
255,50.978,15171.5
256,51.177,15249.5
257,51.377,15996.5
258,51.577,17121.0
259,51.777,15635.0
260,51.978,16122.5
261,52.179,15017.5
262,52.377,16923.0
263,52.577,13681.0
264,52.778,15796.0
265,52.977,16862.0
266,53.177,16483.0
267,53.378,16253.0
268,53.579,13275.5
269,53.777,17359.5
270,53.978,12152.0
271,54.177,16615.0
272,54.378,16854.0
273,54.579,16974.5
274,54.778,16808.5
275,54.977,16581.5
276,55.177,17625.5
277,55.378,16040.0
278,55.577,17119.5
279,55.777,16673.0
280,55.977,16798.0
281,56.177,17049.5
282,56.377,16676.0
283,56.577,17605.5
284,56.778,17029.5
285,56.978,16182.0
286,57.177,17591.0
287,57.378,17256.5
288,57.577,15639.5
289,57.781,17363.5
290,57.984,17569.0
291,58.177,16947.0
292,58.377,17233.5
293,58.577,17175.0
294,58.778,16433.5
295,58.978,16845.5
296,59.178,17667.5
297,59.377,17283.5
298,59.577,16747.0
299,59.777,15304.5
300,59.981,15605.5
301,60.178,18031.0
302,60.378,17678.5
303,60.581,17329.5
304,60.777,17258.5
305,60.982,17484.0
306,61.177,14913.0
307,61.377,16987.0
308,61.578,17792.0
309,61.778,17553.5
310,61.978,17596.0
311,62.178,17723.0
312,62.377,17706.0
313,62.578,15519.0
314,62.777,17711.5
315,62.977,16930.0
316,63.178,17695.0
317,63.378,16939.5
318,63.578,15566.5
319,63.777,16524.5
320,63.982,17994.5
321,64.177,17720.5
322,64.378,18051.0
323,64.578,17628.0
324,64.778,17325.0
325,64.977,17935.0
326,65.183,17584.5
327,65.378,17552.0
328,65.577,17638.0
329,65.777,17987.5
330,65.979,17742.0
331,66.178,17667.0
332,66.377,15455.5
333,66.58,17772.5
334,66.777,16840.5
335,66.982,16505.5
336,67.177,17597.5
337,67.377,17575.0
338,67.577,17490.0
339,67.779,17747.5
340,67.979,18094.0
341,68.181,17115.0
342,68.381,17657.0
343,68.577,17572.0
344,68.777,18019.0
345,68.988,17243.0
346,69.178,17636.5
347,69.377,17751.5
348,69.577,17587.0
349,69.784,17986.0
350,69.982,17876.0
351,70.177,17745.5
352,70.378,15871.0
353,70.578,17574.5
354,70.778,17378.0
355,70.983,16744.0
356,71.177,17802.0
357,71.377,17618.5
358,71.577,16486.5
359,71.778,18020.5
360,71.982,17653.5
361,72.181,17946.0
362,72.377,17518.0
363,72.578,17577.5
364,72.777,17595.0
365,72.981,17930.0
366,73.177,17710.5
367,73.377,15291.5
368,73.577,17880.5
369,73.777,18013.0
370,73.977,17974.0
371,74.178,17739.0
372,74.378,17983.0
373,74.578,17896.5
374,74.778,17523.5
375,74.978,18017.0
376,75.177,17937.5
377,75.378,15195.5
378,75.579,17669.0
379,75.778,17653.0
380,75.981,18016.0
381,76.177,17618.5
382,76.378,17309.5
383,76.577,17606.0
384,76.777,17670.5
385,76.978,17667.5
386,77.178,17591.0
387,77.377,17681.0
388,77.579,17737.5
389,77.783,17829.0
390,77.977,17880.0
391,78.178,17726.5
392,78.381,16046.0
393,78.579,18091.0
394,78.777,17593.5
395,78.99,17798.0
396,79.178,17562.0
397,79.376,18069.0
398,79.577,17891.0
399,79.778,17679.0
400,79.978,17876.0
401,80.177,17854.0
402,80.377,18064.5
403,80.578,17685.0
404,80.779,17430.5
405,80.98,17780.5
406,81.182,18112.0
407,81.378,17976.5
408,81.578,17961.0
409,81.777,17926.0
410,81.978,17728.5
411,82.178,17709.5
412,82.377,17824.5
413,82.577,17544.0
414,82.78,17608.5
415,82.99,17955.0
416,83.178,18036.0
417,83.379,18011.0
418,83.578,18092.5
419,83.777,17958.5
420,83.983,17974.0
421,84.178,17729.5
422,84.378,17839.5
423,84.577,17755.5
424,84.782,18042.5
425,84.987,17860.5
426,85.177,18084.0
427,85.377,17927.0
428,85.577,17496.5
429,85.778,18010.5
430,85.984,17664.0
431,86.178,18097.0
432,86.377,17624.5
433,86.577,18026.5
434,86.777,17997.0
435,86.978,17965.5
436,87.179,17953.5
437,87.377,17685.0
438,87.578,17935.5
439,87.778,17950.0
440,87.978,17925.0
441,88.178,17551.5
442,88.377,17911.5
443,88.579,18056.0
444,88.778,17717.5
445,88.977,17855.5
446,89.178,17875.0
447,89.378,18051.5
448,89.577,18030.0
449,89.778,17537.0
450,89.98,17451.5
451,90.177,17573.5
452,90.378,17658.5
453,90.577,17551.5
454,90.781,18031.5
455,90.978,17664.5
456,91.178,17888.0
457,91.377,6673.5
458,91.578,18017.5
459,91.78,17739.0
460,91.987,17788.0
461,92.178,17679.5
462,92.377,18027.5
463,92.578,18047.5
464,92.778,17685.0
465,92.99,18054.5
466,93.181,17914.5
467,93.378,17961.0
468,93.577,17758.0
469,93.784,17634.0
470,93.981,17937.0
471,94.177,17523.0
472,94.377,17516.0
473,94.578,16911.0
474,94.778,17889.0
475,94.984,17871.5
476,95.178,17906.5
477,95.377,17243.0
478,95.578,17749.0
479,95.778,17729.0
480,95.978,17689.5
481,96.178,17888.5
482,96.378,18040.5
483,96.577,17697.0
484,96.781,17893.5
485,96.984,17597.0
486,97.177,17841.0
487,97.378,17651.0
488,97.578,17879.5
489,97.778,17808.5
490,97.978,18004.0
491,98.178,17620.5
492,98.377,18093.5
493,98.578,17848.5
494,98.779,17963.5
495,98.98,17636.5
496,99.178,17923.0
497,99.377,17858.0
498,99.582,17800.0
499,99.778,18038.0
500,99.983,17931.0
501,100.178,17904.0
502,100.378,17618.0
503,100.578,18098.5
504,100.783,17886.5
505,100.985,17845.0
506,101.187,17815.0
507,101.379,17754.5
508,101.579,17890.0
509,101.778,17918.5
510,101.978,17736.5
511,102.178,17702.0
512,102.384,17762.0
513,102.577,17956.0
514,102.778,17731.0
515,102.977,17655.0
516,103.18,17913.5
517,103.378,17988.5
518,103.581,17730.5
519,103.777,17525.5
520,103.982,17775.0
521,104.184,17763.5
522,104.378,17835.0
523,104.577,18011.5
524,104.777,17643.5
525,104.982,17797.5
526,105.178,17868.0
527,105.377,17851.5
528,105.577,17922.5
529,105.777,17845.0
530,105.985,17353.5
531,106.178,17786.5
532,106.377,17818.5
533,106.581,17905.5
534,106.779,17923.5
535,106.977,17808.5
536,107.177,18001.5
537,107.379,17840.0
538,107.577,17917.5
539,107.777,18016.5
540,107.98,18020.5
541,108.18,17830.5
542,108.381,17991.0
543,108.578,17888.5
544,108.784,17903.0
545,108.981,18006.0
546,109.177,17851.5
547,109.378,17845.0
548,109.577,17657.0
549,109.778,17952.5
550,109.979,18065.5
551,110.178,17897.0
552,110.378,18043.0
553,110.577,17817.0
554,110.781,17855.5
555,110.979,17851.5
556,111.178,17557.0
557,111.383,18032.0
558,111.578,17867.0
559,111.777,17847.5
560,111.988,17799.0
561,112.177,17662.5
562,112.378,18059.5
563,112.578,17840.0
564,112.778,17442.5
565,112.98,17640.5
566,113.18,17351.0
567,113.378,17643.5
568,113.578,17791.5
569,113.782,18041.0
570,113.978,17821.0
571,114.177,17535.0
572,114.378,17923.5
573,114.582,17776.5
574,114.778,17611.5
575,114.979,17937.5
576,115.178,17861.0
577,115.378,17271.0
578,115.578,17913.0
579,115.777,17516.5
580,115.978,17871.5
581,116.178,17818.0
582,116.38,17888.0
583,116.584,17559.5
584,116.778,17775.5
585,116.984,17260.0
586,117.179,17997.5
587,117.377,17568.5
588,117.578,17814.0
589,117.782,17464.5
590,117.978,17918.0
591,118.178,17972.5
592,118.381,17804.5
593,118.577,18069.5
594,118.781,17659.5
595,118.98,17698.5
596,119.184,17945.5
597,119.378,17937.0
598,119.577,17829.5
599,119.779,17881.5
600,119.977,18096.5
601,120.177,17536.0
602,120.378,17812.0
603,120.578,17517.5
604,120.78,17984.0
605,120.978,17675.5
606,121.178,18098.5
607,121.377,18058.0
608,121.578,17812.0
609,121.779,17927.0
610,121.979,17824.5
611,122.177,17692.5
612,122.379,18078.0
613,122.577,17834.5
614,122.778,
615,122.978,18004.5
616,123.178,17705.5
617,123.377,17755.5
618,123.577,17721.5
619,123.777,17931.5
620,123.98,17926.5
621,124.178,18041.5
622,124.377,17850.5
623,124.577,18064.5
624,124.778,17803.5
625,124.983,17843.0
626,125.177,17781.5
627,125.379,17867.0
628,125.578,16946.5
629,125.777,18029.5
630,125.978,
631,126.177,
632,126.378,18040.0
633,126.579,18059.0
634,126.777,17458.5
635,126.99,17776.5
636,127.178,18081.0
637,127.378,15316.0
638,127.579,17929.0
639,127.777,17921.0
640,127.978,17883.5
641,128.177,17858.0
642,128.378,16569.0
643,128.579,17930.0
644,128.778,17894.5
645,128.978,17997.0
646,129.184,17606.5
647,129.378,17870.0
648,129.582,17717.0
649,129.778,17923.0
650,129.978,17742.0
651,130.178,17647.5
652,130.377,17938.5
653,130.578,17204.5
654,130.777,17922.5
655,130.977,17883.0
656,131.177,
657,131.378,18039.5
658,131.584,17877.5
659,131.785,18053.0
660,131.978,17850.5
661,132.179,16647.0
662,132.381,17708.0
663,132.578,18026.0
664,132.784,18020.0
665,132.982,17755.0
666,133.178,16403.5
667,133.378,17883.0
668,133.578,17851.0
669,133.778,17848.5
670,133.982,17983.5
671,134.178,14466.0
672,134.38,17940.0
673,134.577,17808.5
674,134.778,17839.5
675,134.988,17752.5
676,135.181,17746.0
677,135.38,17348.5
678,135.579,17817.5
679,135.777,17810.5
680,135.995,17778.0
681,136.177,18081.0
682,136.377,17149.0
683,136.578,
684,136.779,17727.0
685,136.978,17891.0
686,137.181,16681.5
687,137.377,17840.0
688,137.578,17925.0
689,137.778,18032.0
690,137.979,17566.5
691,138.178,17918.5
692,138.378,17600.0
693,138.577,18071.5
694,138.778,17762.5
695,138.978,14362.0
696,139.178,17799.0
697,139.378,
698,139.583,18117.5
699,139.777,17976.0
700,139.978,17915.5
701,140.178,17873.5
702,140.378,17867.0
703,140.579,13735.5
704,140.778,17780.5
705,140.98,17492.5
706,141.178,18002.0
707,141.377,17881.0
708,141.578,
709,141.778,
710,141.981,
711,142.177,
712,142.378,17924.0
713,142.579,
714,142.778,17820.5
715,142.978,17614.5
716,143.183,17625.0
717,143.378,17709.0
718,143.58,18002.5
719,143.782,17948.5
720,143.988,18031.0
721,144.178,17512.5
722,144.378,17783.5
723,144.577,11291.5
724,144.778,15575.0
725,144.982,17741.0
726,145.178,18049.0
727,145.378,17772.5
728,145.578,17987.5
729,145.779,14372.0
730,145.978,17943.5
731,146.178,17896.5
732,146.378,17785.0
733,146.577,17971.5
734,146.778,17877.0
735,146.978,17621.0
736,147.178,17754.5
737,147.378,17458.0
738,147.578,17509.0
739,147.778,17868.0
740,147.978,17797.5
741,148.178,16124.0
742,148.379,17846.0
743,148.578,17961.5
744,148.782,17642.0
745,148.986,17721.0
746,149.18,
747,149.378,
748,149.579,
749,149.777,17602.5
750,149.98,17921.5
751,150.178,16282.5
752,150.382,15424.0
753,150.584,17850.0
754,150.779,17979.5
755,150.979,18070.0
756,151.178,17938.0
757,151.378,17977.5
758,151.581,17778.0
759,151.777,
760,151.978,
761,152.184,17354.0
762,152.378,17469.5
763,152.577,17538.0
764,152.778,17958.0
765,152.978,17911.5
766,153.178,17882.5
767,153.378,17783.0
768,153.579,17786.0
769,153.778,16698.5
770,153.978,
771,154.179,17292.5
772,154.378,17604.0
773,154.577,
774,154.778,17746.0
775,154.979,18103.5
776,155.177,17831.0
777,155.378,17870.0
778,155.578,17849.5
779,155.778,17481.5
780,155.978,17377.5
781,156.183,17837.5
782,156.378,18045.0
783,156.579,17270.5
784,156.778,17630.0
785,156.978,17270.0
786,157.182,17809.5
787,157.378,17869.5
788,157.578,17907.0
789,157.778,17785.5
790,157.978,17749.0
791,158.177,17872.5
792,158.378,17898.5
793,158.579,
794,158.779,15634.5
795,158.981,17722.5
796,159.178,17808.0
797,159.378,17975.0
798,159.583,
799,159.778,18043.5
800,159.978,
801,160.177,17890.0
802,160.377,17517.5
803,160.584,17843.0
804,160.778,17834.5
805,160.978,17447.0
806,161.178,17827.5
807,161.379,16794.0
808,161.578,17642.0
809,161.777,16871.5
810,161.978,17874.5
811,162.178,
812,162.377,
813,162.577,
814,162.783,
815,162.978,
816,163.181,
817,163.378,
818,163.578,
819,163.781,
820,163.979,14480.5
821,164.177,17872.0
822,164.381,17672.0
823,164.579,
824,164.777,14045.0
825,164.981,17958.5
826,165.181,
827,165.378,
828,165.578,
829,165.777,
830,165.983,
831,166.183,
832,166.383,
833,166.58,
834,166.778,
835,166.978,17501.0
836,167.18,17661.0
837,167.378,17797.0
838,167.578,17864.5
839,167.777,18013.5
840,167.978,
841,168.178,17981.5
842,168.378,17438.0
843,168.578,
844,168.778,
845,168.978,
846,169.182,
847,169.377,18118.5
848,169.578,17693.0
849,169.778,13147.5
850,169.978,18006.0
851,170.178,17751.0
852,170.378,18007.5
853,170.578,17690.5
854,170.778,
855,170.977,
856,171.178,17770.0
857,171.378,17856.0
858,171.577,
859,171.78,14378.0
860,171.978,17523.0
861,172.177,17469.0
862,172.378,14376.5
863,172.577,17958.0
864,172.777,17810.0
865,172.978,16703.5
866,173.178,
867,173.377,
868,173.58,
869,173.778,
870,173.978,
871,174.178,
872,174.379,
873,174.578,17971.0
874,174.778,16847.0
875,174.978,15542.0
876,175.178,16467.5
877,175.377,17773.0
878,175.578,17679.0
879,175.778,12332.0
880,175.977,
881,176.177,17860.5
882,176.384,17566.0
883,176.578,17791.5
884,176.778,
885,176.984,
886,177.178,
887,177.377,
888,177.578,
889,177.779,16690.0
890,177.981,17840.5
891,178.178,
892,178.378,
893,178.578,
894,178.778,
895,178.978,
896,179.178,
897,179.377,
898,179.579,
899,179.785,
900,179.982,
901,180.178,
902,180.382,
903,180.578,
904,180.781,
905,180.978,
906,181.178,
907,181.377,
908,181.578,
909,181.778,
910,181.981,
911,182.179,
912,182.378,
913,182.578,
914,182.778,
915,182.982,
916,183.178,
917,183.378,
918,183.578,
919,183.777,
920,183.981,
921,184.183,
922,184.377,
923,184.577,
924,184.779,
925,184.99,
926,185.178,
927,185.378,
928,185.578,
929,185.777,
930,185.982,
931,186.183,
932,186.378,
933,186.578,
934,186.778,
935,186.978,
936,187.178,
937,187.379,
938,187.578,
939,187.777,17690.5
940,187.979,17906.5
941,188.182,17825.5
942,188.378,
943,188.578,
944,188.778,
945,188.978,
946,189.178,
947,189.378,
948,189.578,
949,189.777,
950,189.979,
951,190.178,
952,190.378,
953,190.578,
954,190.782,
955,190.978,
956,191.181,
957,191.378,
958,191.578,
959,191.777,
960,191.978,
961,192.183,
962,192.378,
963,192.579,
964,192.778,
965,192.978,
966,193.178,
967,193.378,
968,193.578,
969,193.777,
970,193.978,
971,194.183,
972,194.381,
973,194.583,
974,194.778,
975,194.982,
976,195.179,
977,195.378,
978,195.578,17764.5
979,195.777,
980,195.978,
981,196.179,
982,196.378,
983,196.578,17776.0
984,196.778,17852.5
985,196.978,17857.5
986,197.178,17776.5
987,197.378,
988,197.578,
989,197.779,
990,197.978,
991,198.178,
992,198.378,
993,198.578,
994,198.778,
995,198.978,
996,199.183,
997,199.378,
998,199.577,
999,199.777,16299.5
1000,199.977,
1001,200.178,
1002,200.377,
1003,200.58,
1004,200.778,
1005,200.978,
1006,201.181,
1007,201.378,
1008,201.578,
1009,201.777,
1010,201.981,
1011,202.182,
1012,202.377,
1013,202.578,
1014,202.778,
1015,202.979,
1016,203.178,
1017,203.378,
1018,203.578,
1019,203.777,
1020,203.978,
1021,204.178,
1022,204.378,
1023,204.582,
1024,204.778,
1025,204.978,
1026,205.178,
1027,205.378,
1028,205.578,
1029,205.777,
1030,205.978,
1031,206.179,17141.5
1032,206.378,17698.0
1033,206.578,17950.0
1034,206.778,17826.0
1035,206.978,
1036,207.178,
1037,207.378,17816.0
1038,207.578,
1039,207.777,17820.0
1040,207.978,
1041,208.178,18067.5
1042,208.378,17743.5
1043,208.578,17673.0
1044,208.781,17899.5
1045,208.98,
1046,209.178,
1047,209.378,
1048,209.578,
1049,209.777,
1050,209.978,
1051,210.178,
1052,210.378,
1053,210.578,
1054,210.778,
1055,210.978,
1056,211.178,
1057,211.378,
1058,211.578,17701.0
1059,211.778,13149.5
1060,211.978,17792.0
1061,212.183,
1062,212.378,
1063,212.578,17780.5
1064,212.778,17864.0
1065,212.978,17555.5
1066,213.178,18054.0
1067,213.378,
1068,213.578,17933.5
1069,213.777,17876.5
1070,213.978,
1071,214.179,
1072,214.378,
1073,214.578,
1074,214.778,
1075,214.978,
1076,215.178,
1077,215.378,
1078,215.578,
1079,215.777,18013.5
1080,215.978,
1081,216.179,
1082,216.382,
1083,216.578,17558.5
1084,216.778,
1085,216.979,17708.5
1086,217.178,17761.5
1087,217.378,
1088,217.578,15428.0
1089,217.777,
1090,217.978,
1091,218.178,
1092,218.378,
1093,218.582,
1094,218.778,17560.0
1095,218.978,
1096,219.178,17867.0
1097,219.378,
1098,219.578,
1099,219.777,
1100,219.978,
1101,220.178,
1102,220.378,
1103,220.579,
1104,220.778,
1105,220.986,
1106,221.179,
1107,221.378,
1108,221.578,
1109,221.777,
1110,221.978,
1111,222.183,
1112,222.378,
1113,222.578,
1114,222.778,
1115,222.981,
1116,223.178,
1117,223.378,
1118,223.578,
1119,223.777,
1120,223.981,
1121,224.184,
1122,224.378,
1123,224.578,
1124,224.778,
1125,224.979,
1126,225.178,
1127,225.378,
1128,225.578,
1129,225.781,
1130,225.978,
1131,226.179,
1132,226.378,
1133,226.578,
1134,226.778,
1135,226.978,
1136,227.177,
1137,227.384,
1138,227.577,
1139,227.777,
1140,227.978,
1141,228.178,
1142,228.378,
1143,228.578,
1144,228.778,
1145,228.979,
1146,229.182,
1147,229.378,
1148,229.578,
1149,229.778,
1150,229.978,
1151,230.178,
1152,230.378,
1153,230.578,
1154,230.778,
1155,230.979,
1156,231.178,
1157,231.377,
1158,231.58,
1159,231.778,
1160,231.98,
1161,232.178,
1162,232.378,
1163,232.578,
1164,232.778,
1165,232.978,
1166,233.178,
1167,233.377,
1168,233.578,
1169,233.778,
1170,233.978,
1171,234.178,
1172,234.382,
1173,234.578,
1174,234.778,
1175,234.978,
1176,235.178,
1177,235.378,
1178,235.578,
1179,235.778,
1180,235.98,
1181,236.178,
1182,236.378,
1183,236.578,
1184,236.778,
1185,236.978,
1186,237.178,
1187,237.377,
1188,237.578,
1189,237.778,
1190,237.978,
1191,238.178,
1192,238.378,
1193,238.578,
1194,238.778,
1195,238.978,
1196,239.178,
1197,239.377,
1198,239.578,
1199,239.779,
1200,239.978,
1201,240.179,
1202,240.378,
1203,240.578,
1204,240.778,
1205,240.978,
1206,241.178,
1207,241.377,
1208,241.578,17599.5
1209,241.779,17574.5
1210,241.978,
1211,242.178,17747.5
1212,242.378,17901.5
1213,242.578,
1214,242.778,
1215,242.978,
1216,243.178,16574.0
1217,243.377,
1218,243.578,
1219,243.778,
1220,243.978,
1221,244.178,17915.5
1222,244.378,
1223,244.578,
1224,244.778,17396.5
1225,244.982,
1226,245.178,18011.5
1227,245.378,
1228,245.578,
1229,245.779,
1230,245.978,
1231,246.178,
1232,246.378,
1233,246.578,
1234,246.778,
1235,246.978,
1236,247.178,
1237,247.377,13020.0
1238,247.578,17439.5
1239,247.784,17630.0
1240,247.981,15905.0
1241,248.178,
1242,248.381,18007.0
1243,248.582,17827.5
1244,248.778,17831.5
1245,248.978,
1246,249.178,
1247,249.377,
1248,249.578,
1249,249.778,
1250,249.978,
1251,250.178,
1252,250.378,
1253,250.578,
1254,250.778,
1255,250.981,
1256,251.178,
1257,251.377,
1258,251.578,
1259,251.779,
1260,251.978,
1261,252.178,
1262,252.382,
1263,252.578,
1264,252.782,17842.5
1265,252.978,
1266,253.178,
1267,253.377,17710.0
1268,253.578,
1269,253.779,
1270,253.982,
1271,254.178,
1272,254.378,
1273,254.578,
1274,254.778,
1275,254.979,17911.5
1276,255.178,
1277,255.377,
1278,255.578,
1279,255.778,
1280,255.978,
1281,256.178,
1282,256.378,
1283,256.578,
1284,256.778,
1285,256.978,
1286,257.178,
1287,257.377,
1288,257.578,
1289,257.779,
1290,257.978,
1291,258.178,
1292,258.378,
1293,258.578,
1294,258.778,
1295,258.978,
1296,259.178,
1297,259.377,
1298,259.578,
1299,259.779,
1300,259.979,
1301,260.178,
1302,260.378,
1303,260.578,
1304,260.778,
1305,260.979,
1306,261.178,
1307,261.377,
1308,261.578,17820.5
1309,261.779,17619.5
1310,261.978,
1311,262.178,16587.5
1312,262.378,16806.0
1313,262.578,13394.5
1314,262.781,17363.5
1315,262.98,
1316,263.178,
1317,263.377,
1318,263.578,17757.0
1319,263.779,17990.0
1320,263.982,12530.5
1321,264.18,17919.5
1322,264.378,17492.5
1323,264.578,
1324,264.778,16913.0
1325,264.978,17352.5
1326,265.178,
1327,265.378,
1328,265.581,17967.5
1329,265.779,17768.5
1330,265.989,17487.5
1331,266.178,17999.5
1332,266.378,
1333,266.579,
1334,266.777,
1335,266.978,
1336,267.178,
1337,267.377,
1338,267.577,
1339,267.778,
1340,267.981,
1341,268.178,
1342,268.378,
1343,268.578,
1344,268.778,
1345,268.978,
1346,269.182,
1347,269.377,
1348,269.578,
1349,269.779,
1350,269.978,
1351,270.178,
1352,270.378,
1353,270.578,
1354,270.778,
1355,270.978,
1356,271.178,
1357,271.377,
1358,271.578,
1359,271.779,
1360,271.978,
1361,272.179,
1362,272.378,
1363,272.578,
1364,272.778,
1365,272.978,
1366,273.179,
1367,273.377,
1368,273.578,
1369,273.778,
1370,273.981,
1371,274.178,
1372,274.378,
1373,274.579,
1374,274.778,
1375,274.979,
1376,275.178,
1377,275.377,
1378,275.578,
1379,275.778,
1380,275.978,
1381,276.178,
1382,276.378,
1383,276.578,
1384,276.778,
1385,276.978,
1386,277.179,
1387,277.38,
1388,277.578,
1389,277.778,
1390,277.98,
1391,278.178,
1392,278.378,
1393,278.578,
1394,278.778,
1395,278.977,
1396,279.178,
1397,279.379,
1398,279.578,
1399,279.778,
1400,279.978,
1401,280.179,
1402,280.378,
1403,280.579,
1404,280.778,
1405,280.979,
1406,281.178,
1407,281.378,
1408,281.578,
1409,281.779,
1410,281.978,
1411,282.178,
1412,282.378,
1413,282.578,
1414,282.781,
1415,282.978,
1416,283.178,
1417,283.378,
1418,283.578,
1419,283.778,
1420,283.978,
1421,284.178,
1422,284.378,
1423,284.578,
1424,284.779,
1425,284.977,
1426,285.178,
1427,285.379,
1428,285.578,
1429,285.778,
1430,285.978,
1431,286.178,
1432,286.378,
1433,286.578,
1434,286.778,
1435,286.98,
1436,287.178,
1437,287.379,
1438,287.578,
1439,287.778,
1440,287.978,
1441,288.178,
1442,288.379,
1443,288.578,
1444,288.778,
1445,288.977,
1446,289.178,
1447,289.379,
1448,289.578,
1449,289.778,
1450,289.978,
1451,290.18,
1452,290.378,
1453,290.578,
1454,290.778,
1455,290.98,
1456,291.179,
1457,291.379,
1458,291.578,
1459,291.778,
1460,291.978,
1461,292.178,
1462,292.378,
1463,292.578,
1464,292.778,
1465,292.98,
1466,293.178,
1467,293.378,
1468,293.578,
1469,293.778,
1470,293.978,
1471,294.178,
1472,294.378,
1473,294.578,
1474,294.779,
1475,294.978,
1476,295.178,
1477,295.379,
1478,295.578,
1479,295.778,
1480,295.978,
1481,296.178,
1482,296.378,
1483,296.578,
1484,296.778,
1485,296.977,
1486,297.179,
1487,297.381,
1488,297.578,
1489,297.778,
1490,297.978,
1491,298.178,
1492,298.381,
1493,298.578,
1494,298.781,
1495,298.977,
1496,299.178,
1497,299.378,
1498,299.578,
1499,299.778,
1500,299.978,
1501,300.178,
1502,300.378,
1503,300.578,
1504,300.778,
1505,300.978,
1506,301.179,
1507,301.379,
1508,301.578,
1509,301.778,
1510,301.98,
1511,302.179,
1512,302.378,
1513,302.578,
1514,302.778,
1515,302.978,
1516,303.178,
1517,303.379,
1518,303.578,
1519,303.778,
1520,303.978,
1521,304.178,
1522,304.378,
1523,304.578,
1524,304.778,
1525,304.98,
1526,305.178,
1527,305.378,
1528,305.578,
1529,305.778,
1530,305.982,
1531,306.178,
1532,306.378,
1533,306.578,
1534,306.778,
1535,306.978,
1536,307.178,
1537,307.379,
1538,307.578,
1539,307.778,
1540,307.981,
1541,308.179,
1542,308.378,
1543,308.578,
1544,308.782,
1545,308.978,
1546,309.178,
1547,309.379,
1548,309.578,
1549,309.778,
1550,309.981,
1551,310.178,
1552,310.378,
1553,310.578,
1554,310.778,
1555,310.978,
1556,311.178,
1557,311.379,
1558,311.578,
1559,311.778,
1560,311.978,
1561,312.178,
1562,312.378,
1563,312.578,
1564,312.778,
1565,312.979,
1566,313.178,
1567,313.379,
1568,313.578,
1569,313.778,
1570,313.979,
1571,314.178,
1572,314.378,
1573,314.578,
1574,314.778,
1575,314.98,
1576,315.178,
1577,315.379,
1578,315.578,
1579,315.778,
1580,315.978,
1581,316.178,
1582,316.378,
1583,316.578,
1584,316.778,
1585,316.977,
1586,317.178,
1587,317.379,
1588,317.578,
1589,317.778,
1590,317.978,
1591,318.181,
1592,318.378,
1593,318.578,
1594,318.778,17722.0
1595,318.977,17848.0
1596,319.179,
1597,319.379,
1598,319.578,
1599,319.778,
1600,319.978,
1601,320.178,
1602,320.378,17228.5
1603,320.578,18111.0
1604,320.781,17549.5
1605,320.977,18037.5
1606,321.178,
1607,321.379,
1608,321.578,
1609,321.779,
1610,321.978,
1611,322.184,
1612,322.378,
1613,322.578,
1614,322.778,
1615,322.977,
1616,323.179,17730.5
1617,323.379,16438.0
1618,323.578,
1619,323.778,
1620,323.979,
1621,324.178,
1622,324.378,
1623,324.578,16002.0
1624,324.779,
1625,324.98,
1626,325.179,
1627,325.379,
1628,325.578,17566.0
1629,325.778,
1630,325.979,
1631,326.178,
1632,326.378,
1633,326.578,
1634,326.778,
1635,326.977,
1636,327.178,
1637,327.378,
1638,327.581,
1639,327.778,
1640,327.979,
1641,328.178,17007.0
1642,328.378,17727.0
1643,328.578,
1644,328.778,
1645,328.977,
1646,329.181,
1647,329.378,
1648,329.578,
1649,329.778,
1650,329.981,
1651,330.178,
