,Elapsed_Time,Data
0,0.0,11301.5625
1,0.188,8690.625
2,0.386,10585.3125
3,0.586,10371.0938
4,0.786,12490.3125
5,0.986,9784.6875
6,1.187,10273.125
7,1.386,11364.8438
8,1.585,10372.0312
9,1.789,11540.1562
10,1.985,10605.4688
11,2.187,10534.6875
12,2.386,12483.75
13,2.585,11064.8438
14,2.785,10404.8438
15,2.985,11640.4688
16,3.185,8800.78125
17,3.386,12576.0938
18,3.585,9001.875
19,3.786,11797.0312
20,3.985,11403.75
21,4.186,9730.78125
22,4.386,12056.7188
23,4.586,9148.59375
24,4.785,13336.4062
25,4.987,12698.4375
26,5.186,11231.7188
27,5.386,15190.3125
28,5.586,12329.5312
29,5.786,11605.7812
30,5.987,15064.2188
31,6.186,10919.0625
32,6.387,10996.875
33,6.585,10006.875
34,6.786,13415.1562
35,6.986,13724.5312
36,7.186,13193.9062
37,7.386,10947.6562
38,7.587,11531.7188
39,7.789,10673.4375
40,7.986,13325.1562
41,8.187,14136.5625
42,43.564,14340.9375
43,133.547,10635.4688
44,146.739,9756.5625
45,146.925,10778.4375
46,147.124,8776.875
47,147.323,9460.78125
48,147.531,9750.0
49,147.724,9603.75
50,147.924,10721.7188
51,148.123,12491.7188
52,148.324,10683.2812
53,148.523,9557.34375
54,148.724,7864.6875
55,148.923,10586.7188
56,149.124,11956.4062
57,149.326,9974.0625
58,149.523,9280.3125
59,149.724,11167.9688
60,149.924,11225.625
61,150.123,11053.125
62,150.324,13386.5625
63,150.523,11181.5625
64,150.724,11486.25
65,150.924,12926.7188
66,151.124,11077.5
67,151.324,13672.5
68,151.532,10764.8438
69,151.724,10437.1875
70,151.925,10561.875
71,152.124,9718.125
72,152.324,11118.75
73,152.525,9630.9375
74,152.724,10787.3438
75,152.924,11863.5938
76,153.124,11617.9688
77,153.326,12812.8125
78,153.524,11745.0
79,153.724,12413.4375
80,153.924,12940.7812
81,154.129,13528.5938
82,154.325,13567.0312
83,154.529,10489.2188
84,154.724,12947.8125
85,154.924,14414.0625
86,155.123,12278.9062
87,155.329,10898.4375
88,155.532,11391.0938
89,155.725,10938.2812
90,155.924,13236.5625
91,156.128,12679.2188
92,156.324,14110.7812
93,156.525,11783.9062
94,156.724,11450.625
95,156.924,12825.9375
96,157.123,10869.8438
97,157.324,11684.5312
98,157.526,15586.4062
99,157.729,11643.2812
100,157.937,11349.8438
101,158.129,11395.3125
102,158.324,11224.6875
103,158.529,14452.9688
104,158.724,12536.25
105,158.923,11484.8438
106,159.125,13012.5
107,159.329,11321.25
108,159.524,12467.8125
109,159.724,13417.9688
110,159.927,13265.1562
111,160.124,12115.7812
112,160.324,12905.1562
113,160.536,14276.25
114,160.725,11127.1875
115,160.924,13027.5
116,161.124,12746.7188
117,161.325,11536.875
118,161.523,10896.0938
119,161.723,14058.75
120,161.923,11186.7188
121,162.123,14303.4375
122,162.324,13163.9062
123,162.523,12960.9375
124,162.724,11748.75
125,162.924,11157.1875
126,163.123,12577.0312
127,163.323,12611.25
128,163.535,12836.25
129,163.733,15086.25
130,163.928,11916.0938
131,164.124,16067.8125
132,164.323,14242.9688
133,164.525,13939.2188
134,164.723,14338.5938
135,164.923,11463.2812
136,165.124,12060.0
137,165.325,14032.0312
138,165.525,13552.0312
139,165.724,14371.875
140,165.923,10974.8438
141,166.125,10725.0
142,166.327,13405.7812
143,166.538,13044.8438
144,166.729,15260.1562
145,166.925,14892.6562
146,167.125,15490.7812
147,167.323,14944.6875
148,167.524,12096.5625
149,167.723,13191.5625
150,167.925,15280.3125
151,168.124,14010.9375
152,168.324,12261.5625
153,168.528,12849.375
154,168.724,15567.6562
155,168.924,12925.7812
156,169.124,15349.2188
157,169.323,10128.2812
158,169.524,12851.7188
159,169.723,15497.3438
160,169.924,14516.7188
161,170.123,14454.375
162,170.326,15437.8125
163,170.529,13762.9688
164,170.724,13252.5
165,170.923,14642.8125
166,171.124,13783.5938
167,171.323,15481.875
168,171.524,12096.0938
169,171.723,16092.6562
170,171.924,13444.6875
171,172.124,12747.1875
172,172.324,13272.6562
173,172.526,15526.875
174,172.724,13880.1562
175,172.924,13203.2812
176,173.124,14201.25
177,173.324,13446.0938
178,173.529,13019.5312
179,173.723,14362.9688
180,173.924,15067.0312
181,174.124,13980.9375
182,174.324,15301.4062
183,174.523,15369.8438
184,174.724,17017.0312
185,174.923,15383.4375
186,175.124,15965.1562
187,175.324,14505.9375
188,175.526,10789.2188
189,175.724,14669.5312
190,175.926,17241.0938
191,176.123,14767.9688
192,176.324,14126.25
193,176.528,15840.9375
194,176.724,15482.3438
195,176.923,13512.1875
196,177.126,15434.0625
197,177.323,14216.25
198,177.531,14266.4062
199,177.724,15283.125
200,177.924,15379.2188
201,178.123,15697.0312
202,178.324,13731.5625
203,178.528,14765.625
204,178.724,13998.75
205,178.924,14779.2188
206,179.124,15383.4375
207,179.324,12969.375
208,179.524,11441.25
209,179.726,15448.125
210,179.924,10756.875
211,180.124,11911.4062
212,180.325,15624.8438
213,180.529,15026.7188
214,180.724,16084.2188
215,180.925,14792.8125
216,181.124,15994.2188
217,181.324,16842.1875
218,181.527,14407.5
219,181.724,15547.5
220,181.925,15828.2812
221,182.124,17347.9688
222,182.324,13919.0625
223,182.528,15688.5938
224,182.724,13643.9062
225,182.926,16566.5625
226,183.123,12958.5938
227,183.324,15452.8125
228,183.525,17111.7188
229,183.725,17266.875
230,183.924,17535.9375
231,184.125,15577.9688
232,184.325,13870.7812
233,184.524,13380.0
234,184.724,15261.0938
235,184.924,15731.7188
236,185.124,15380.1562
237,185.325,15168.2812
238,185.538,14651.7188
239,185.725,15089.5312
240,185.924,14613.2812
241,186.126,15714.375
242,186.328,16367.3438
243,186.527,13828.125
244,186.723,17212.0312
245,186.924,14914.2188
246,187.124,16526.7188
247,187.324,17074.2188
248,187.524,15174.8438
249,187.723,15033.75
250,187.924,14348.9062
251,188.124,15516.0938
252,188.323,16995.4688
253,188.527,13865.625
254,188.724,15089.0625
255,188.924,15325.7812
256,189.124,13575.4688
257,189.324,17024.5312
258,189.529,15516.0938
259,189.732,15116.25
260,189.924,16462.0312
261,190.124,14304.375
262,190.324,14485.7812
263,190.53,16000.7812
264,190.729,12647.8125
265,190.924,15630.9375
266,191.124,17270.1562
267,191.323,16323.2812
268,191.535,17670.9375
269,191.727,14423.4375
270,191.923,15613.125
271,192.124,12987.1875
272,192.324,16387.5
273,192.528,17482.9688
274,192.724,15492.1875
275,192.924,15253.125
276,193.125,13659.8438
277,193.324,15369.8438
278,193.531,14940.4688
279,193.726,13624.6875
280,193.925,16153.5938
281,194.124,13974.8438
282,194.324,16854.375
283,194.533,15754.2188
284,194.731,15539.0625
285,194.924,14994.8438
286,195.124,17229.375
287,195.33,15914.0625
288,195.528,15067.9688
289,195.723,15133.125
290,195.924,15524.0625
291,196.124,14325.0
292,196.325,16598.4375
293,196.526,17660.1562
294,196.724,14931.5625
295,196.924,16475.1562
296,197.124,17692.0312
297,197.323,16782.6562
298,197.524,16132.0312
299,197.723,17660.625
300,197.923,15502.9688
301,198.125,16317.1875
302,198.324,15262.5
303,198.526,16931.7188
304,198.723,15375.4688
305,198.924,15592.5
306,199.124,15851.25
307,199.324,13228.5938
308,199.525,15721.875
309,199.724,15980.1562
310,199.924,17377.9688
311,200.124,15850.3125
312,200.324,16831.875
313,200.524,15815.1562
314,200.723,14080.3125
315,200.924,15088.5938
316,201.123,17410.7812
317,201.324,15811.875
318,201.523,17720.1562
319,201.724,16598.9062
320,201.923,15411.0938
321,202.124,16518.2812
322,202.324,16202.8125
323,202.535,17812.0312
324,202.724,15787.5
325,202.924,16969.6875
326,203.124,16624.2188
327,203.325,15870.4688
328,203.529,15679.2188
329,203.724,15105.9375
330,203.924,17403.75
331,204.124,15992.3438
332,204.325,16323.75
333,204.529,13469.0625
334,204.724,16401.5625
335,204.924,17818.5938
336,205.124,17314.6875
337,205.325,16188.2812
338,205.529,15115.7812
339,205.723,15472.5
340,205.924,17052.1875
341,206.124,16895.1562
342,206.324,17284.2188
343,206.526,17759.0625
344,206.724,17403.75
345,206.924,17574.375
346,207.124,16099.2188
347,207.324,15311.7188
348,207.53,16511.7188
349,207.724,14556.0938
350,207.924,15805.7812
351,208.124,16983.75
352,208.324,17112.6562
353,208.528,16193.9062
354,208.724,16396.875
355,208.924,17314.2188
356,209.124,17318.4375
357,209.324,14578.5938
358,209.525,17018.4375
359,209.724,17012.3438
360,209.923,17184.8438
361,210.124,17918.9062
362,210.324,16947.1875
363,210.524,17874.375
364,210.724,17615.1562
365,210.924,15156.0938
366,211.124,14250.9375
367,211.325,17925.9375
368,211.528,17169.8438
369,211.725,16030.7812
370,211.924,16775.1562
371,212.124,16965.0
372,212.324,17455.3125
373,212.528,17515.3125
374,212.724,14957.8125
375,212.924,17889.8438
376,213.125,16896.0938
377,213.324,15120.9375
378,213.524,15840.9375
379,213.724,16800.4688
380,213.924,16909.2188
381,214.13,17853.75
382,214.323,17675.1562
383,214.524,17352.1875
384,214.724,16792.9688
385,214.923,17035.7812
386,215.124,17377.0312
387,215.323,17204.5312
388,215.524,17860.7812
389,215.727,16485.4688
390,215.924,17695.3125
391,216.124,12750.0
392,216.324,17640.0
393,216.528,15451.875
394,216.724,17538.75
395,216.924,17551.4062
396,217.125,17107.9688
397,217.323,16555.7812
398,217.528,17299.6875
399,217.727,17865.0
400,217.925,17797.5
401,218.124,16995.4688
402,218.324,17602.5
403,218.524,17499.375
404,218.724,17898.2812
405,218.924,16802.8125
406,219.124,17055.4688
407,219.324,16308.75
408,219.524,17395.3125
409,219.726,17935.7812
410,219.924,16608.75
411,220.124,17880.0
412,220.324,17042.8125
413,220.528,16794.375
414,220.725,16498.5938
415,220.924,17319.8438
416,221.125,15989.0625
417,221.329,17701.875
418,221.524,14373.2812
419,221.724,14452.9688
420,221.924,17592.1875
421,222.124,16897.0312
422,222.324,17812.0312
423,222.525,18240.0
424,222.724,17880.0
425,222.924,17171.25
426,223.124,17737.0312
427,223.324,17632.5
428,223.535,16982.8125
429,223.729,17363.9062
430,223.924,16372.9688
431,224.124,16952.3438
432,224.324,16984.6875
433,224.524,17859.375
434,224.724,17714.5312
435,224.924,17864.0625
436,225.128,17940.9375
437,225.324,17875.7812
438,225.528,15693.2812
439,225.724,17142.1875
440,225.924,18030.4688
441,226.124,17799.375
442,226.324,15993.75
443,226.527,17770.3125
444,226.725,16882.5
445,226.924,14561.25
446,227.131,14413.125
447,227.324,17950.7812
448,227.529,17848.5938
449,227.724,14223.2812
450,227.924,17241.0938
451,228.125,17826.5625
452,228.323,17474.5312
453,228.524,17320.7812
454,228.723,17234.5312
455,228.924,17044.6875
456,229.124,17775.9375
457,229.325,17834.0625
458,229.525,17458.125
459,229.724,16293.2812
460,229.924,17565.4688
461,230.124,17548.125
462,230.327,17827.9688
463,230.53,17036.25
464,230.724,17399.5312
465,230.924,17768.4375
466,231.124,15131.25
467,231.324,17249.5312
468,231.524,18057.1875
469,231.724,17182.9688
470,231.925,17996.25
471,232.124,17883.2812
472,232.323,16290.9375
473,232.524,15572.8125
474,232.725,18168.2812
475,232.925,17837.3438
476,233.124,17839.6875
477,233.325,17958.2812
478,233.529,17844.8438
479,233.723,17047.5
480,233.924,18125.625
481,234.13,17805.0
482,234.324,18266.7188
483,234.526,17893.5938
484,234.724,16267.9688
485,234.925,17753.4375
486,235.124,17800.7812
487,235.324,16512.1875
488,235.528,18001.4062
489,235.725,17648.9062
490,235.925,17074.6875
491,236.124,17707.9688
492,236.324,17251.4062
493,236.529,17992.5
494,236.724,16036.4062
495,236.924,17615.1562
496,237.124,17026.875
497,237.324,17883.75
498,237.528,17350.7812
499,237.724,17966.7188
500,237.924,18197.8125
501,238.124,17797.0312
502,238.324,17887.9688
503,238.524,17787.1875
504,238.724,17880.0
505,238.924,17179.2188
506,239.13,17145.9375
507,239.324,16718.9062
508,239.525,17943.75
509,239.724,17196.0938
510,239.924,18048.75
511,240.124,17964.375
512,240.324,17965.3125
513,240.524,18165.9375
514,240.725,17841.0938
515,240.924,17406.0938
516,241.125,17991.0938
517,241.324,17889.375
518,241.524,17889.375
519,241.724,17871.5625
520,241.924,17574.375
521,242.124,17463.2812
522,242.327,16477.0312
523,242.524,15423.75
524,242.724,17802.1875
525,242.924,17851.875
526,243.124,16680.4688
527,243.325,18254.5312
528,243.529,17874.375
529,243.724,18112.9688
530,243.924,17997.6562
531,244.124,17796.0938
532,244.324,17796.0938
533,244.525,17553.75
534,244.724,17818.5938
535,244.924,17884.2188
536,245.125,18060.9375
537,245.325,17803.5938
538,245.528,17760.0
539,245.725,17756.25
540,245.924,18038.9062
541,246.125,18232.0312
542,246.324,17839.6875
543,246.526,18241.875
544,246.724,17933.9062
545,246.924,17856.5625
546,247.124,17836.875
547,247.324,18156.5625
548,247.526,17499.375
549,247.723,17242.9688
550,247.924,18293.4375
551,248.13,17542.5
552,248.324,17433.75
553,248.528,17790.0
554,248.724,15360.4688
555,248.924,17460.0
556,249.124,17955.9375
557,249.324,17917.0312
558,249.524,17753.4375
559,249.724,17027.8125
560,249.924,17869.6875
561,250.124,16200.9375
562,250.324,15498.2812
563,250.53,18164.0625
564,250.724,17803.125
565,250.924,17739.8438
566,251.125,17742.6562
567,251.325,17904.375
568,251.528,17748.75
569,251.724,17741.7188
570,251.925,17758.5938
571,252.124,17280.9375
572,252.324,17829.8438
573,252.524,17932.9688
574,252.725,17863.125
575,252.924,17872.5
576,253.124,17573.4375
577,253.324,18237.6562
578,253.525,17895.0
579,253.724,18143.4375
580,253.924,18019.6875
581,254.124,18043.5938
582,254.325,17904.8438
583,254.529,18018.2812
584,254.724,17901.5625
585,254.923,17907.6562
586,255.125,18027.6562
587,255.323,18150.9375
588,255.529,17955.9375
589,255.724,17340.4688
590,255.924,18162.1875
591,256.125,17999.5312
592,256.328,16995.9375
593,256.524,17869.6875
594,256.725,17841.5625
595,256.924,17862.6562
596,257.124,17432.8125
597,257.327,17753.4375
598,257.526,17775.9375
599,257.724,17938.125
600,257.924,18158.4375
601,258.124,17832.6562
602,258.33,17859.8438
603,258.524,18236.7188
604,258.724,18146.7188
605,258.924,17889.8438
606,259.125,18000.4688
607,259.324,16969.2188
608,259.525,18238.5938
609,259.724,18137.8125
610,259.924,18099.375
611,260.124,17908.5938
612,260.324,17993.4375
613,260.526,18059.0625
614,260.724,17864.0625
615,260.924,18188.9062
616,261.124,17567.8125
617,261.324,17721.0938
618,261.525,17806.875
619,261.724,18157.5
620,261.924,17932.9688
621,262.124,18157.0312
622,262.324,17954.5312
623,262.524,17837.3438
624,262.724,17855.625
625,262.924,18220.7812
626,263.124,17916.5625
627,263.324,18159.8438
628,263.524,17939.5312
629,263.724,17821.4062
630,263.924,17910.9375
631,264.126,18329.5312
632,264.324,17861.7188
633,264.528,18189.375
634,264.724,18237.6562
635,264.924,17860.3125
636,265.124,17639.0625
637,265.324,17808.75
638,265.524,17423.9062
639,265.724,17277.1875
640,265.924,18176.7188
641,266.124,17814.375
642,266.324,18134.5312
643,266.524,18145.3125
644,266.725,17751.5625
645,266.924,18291.5625
646,267.124,17875.3125
647,267.324,18243.2812
648,267.524,17924.0625
649,267.724,17913.2812
650,267.924,18214.2188
651,268.124,17695.7812
652,268.326,17209.2188
653,268.525,17894.5312
654,268.724,17610.9375
655,268.924,18092.3438
656,269.124,18182.8125
657,269.324,18079.6875
658,269.525,17956.4062
659,269.724,18237.6562
660,269.924,18097.9688
661,270.125,17912.3438
662,270.324,17939.0625
663,270.525,18118.5938
664,270.724,17487.1875
665,270.924,17842.9688
666,271.124,16750.7812
667,271.324,18145.7812
668,271.525,17920.7812
669,271.724,18177.6562
670,271.924,18209.0625
671,272.124,18126.0938
672,272.324,17997.6562
673,272.525,18051.5625
674,272.724,18156.0938
675,272.925,17400.9375
676,273.124,18225.4688
677,273.324,18133.125
678,273.53,18130.3125
679,273.724,18004.6875
680,273.924,17893.5938
681,274.125,18202.9688
682,274.325,17941.875
683,274.524,17981.7188
684,274.724,18097.9688
685,274.924,17711.25
686,275.124,17826.0938
687,275.325,18214.2188
688,275.524,17887.5
689,275.724,17917.9688
690,275.924,17828.4375
691,276.125,15569.0625
692,276.324,17904.8438
693,276.524,17991.5625
694,276.724,17184.8438
695,276.925,18106.875
696,277.124,17885.625
697,277.324,18243.2812
698,277.529,18154.6875
699,277.725,18260.625
700,277.925,18096.0938
701,278.124,18084.375
702,278.324,18016.875
703,278.524,18221.25
704,278.724,18091.875
705,278.924,18269.5312
706,279.124,18302.3438
707,279.324,16820.1562
708,279.526,18014.0625
709,279.724,17891.7188
710,279.924,17976.0938
711,280.123,18051.5625
712,280.324,18070.3125
713,280.523,17938.5938
714,280.728,18200.1562
715,280.923,17818.5938
716,281.124,17864.0625
717,281.324,18157.5
718,281.524,18191.7188
719,281.725,17430.0
720,281.924,18189.8438
721,282.124,18255.4688
722,282.324,17928.2812
723,282.527,18136.875
724,282.724,18302.3438
725,282.924,18235.3125
726,283.124,18187.5
727,283.324,18108.75
728,283.526,17798.9062
729,283.724,17990.1562
730,283.924,18111.0938
731,284.125,17872.5
732,284.324,18154.6875
733,284.525,18189.375
734,284.725,17884.6875
735,284.924,17901.0938
736,285.125,17994.375
737,285.324,18240.4688
738,285.525,18149.5312
739,285.724,18087.1875
740,285.924,17938.125
741,286.125,17794.2188
742,286.329,18263.4375
743,286.526,18079.2188
744,286.724,18260.1562
745,286.924,18198.2812
746,287.125,18078.75
747,287.328,17975.625
748,287.524,
749,287.724,18137.8125
750,287.924,16991.25
751,288.124,18037.0312
752,288.323,17943.2812
753,288.525,18060.4688
754,288.725,18011.25
755,288.924,16849.6875
756,289.124,18020.625
757,289.324,18130.3125
758,289.53,18147.1875
759,289.724,17830.7812
760,289.924,17832.6562
761,290.125,17866.875
762,290.324,18284.0625
763,290.532,18259.6875
764,290.73,17807.3438
765,290.924,18203.9062
766,291.124,18121.4062
767,291.325,18135.0
768,291.524,18154.2188
769,291.724,17981.7188
770,291.925,18246.0938
771,292.124,17875.3125
772,292.324,18209.0625
773,292.528,18227.8125
774,292.724,18182.3438
775,292.924,18309.8438
776,293.124,18250.3125
777,293.327,18089.0625
778,293.525,18063.75
779,293.724,18010.3125
780,293.925,18326.7188
781,294.124,18160.3125
782,294.325,18049.2188
783,294.525,17849.5312
784,294.724,17923.125
785,294.928,18097.0312
786,295.131,18240.4688
787,295.33,18094.2188
788,295.527,18231.0938
789,295.729,18152.3438
790,295.925,18108.2812
791,296.124,18226.875
792,296.325,17964.375
793,296.524,18082.9688
794,296.724,18209.5312
795,296.925,18239.0625
796,297.124,18085.7812
797,297.324,18245.625
798,297.526,17790.9375
799,297.725,18171.0938
800,297.924,18017.8125
801,298.123,18052.0312
802,298.327,18193.125
803,298.523,18173.9062
804,298.728,17847.1875
805,298.924,18153.75
806,299.123,18178.5938
807,299.329,17807.8125
808,299.525,17940.4688
809,299.724,17682.1875
810,299.929,18097.5
811,300.124,18253.125
812,300.328,18252.6562
813,300.529,18298.5938
814,300.724,17963.9062
815,300.93,18202.0312
816,301.125,17851.4062
817,301.328,18232.0312
818,301.524,18116.7188
819,301.725,17793.2812
820,301.924,18247.9688
821,302.125,18217.0312
822,302.325,17933.9062
823,302.526,17848.5938
824,302.724,18164.0625
825,302.924,17987.8125
826,303.124,18194.0625
827,303.324,17995.7812
828,303.525,17838.2812
829,303.724,18057.1875
830,303.924,18177.6562
831,304.125,17704.2188
832,304.325,17393.4375
833,304.524,17761.875
834,304.725,18120.9375
835,304.924,18206.25
836,305.124,18151.875
837,305.323,18263.9062
838,305.525,18101.7188
839,305.725,18212.3438
840,305.925,18240.4688
841,306.124,17850.9375
842,306.324,18294.375
843,306.526,17967.1875
844,306.724,18061.875
845,306.924,18013.125
846,307.124,17790.9375
847,307.327,18290.625
848,307.524,18164.5312
849,307.724,18133.5938
850,307.928,18204.8438
851,308.124,18185.625
852,308.326,18179.5312
853,308.524,18211.4062
854,308.725,18053.9062
855,308.924,17718.75
856,309.124,17773.125
857,309.325,18195.4688
858,309.524,17901.5625
859,309.724,18020.1562
860,309.924,17558.4375
861,310.124,18067.0312
862,310.324,18244.2188
863,310.524,18308.9062
864,310.724,18290.1562
865,310.924,18281.25
866,311.124,17398.5938
867,311.328,18033.2812
868,311.524,18294.8438
869,311.725,18001.875
870,311.93,18120.9375
871,312.124,18228.75
872,312.325,
873,312.534,18197.3438
874,312.724,18106.875
875,312.924,18254.0625
876,313.125,18073.5938
877,313.325,17990.625
878,313.527,18159.8438
879,313.724,18205.7812
880,313.924,18197.3438
881,314.124,18176.7188
882,314.331,18017.8125
883,314.524,18257.8125
884,314.725,18289.2188
885,314.924,18103.125
886,315.129,18302.3438
887,315.331,18125.1562
888,315.528,18174.375
889,315.724,17804.5312
890,315.928,18207.6562
891,316.125,18078.75
892,316.328,17011.875
893,316.524,17929.2188
894,316.724,18105.9375
895,316.928,15600.0
896,317.124,18214.2188
897,317.329,18205.7812
898,317.528,18238.125
899,317.731,18062.3438
900,317.924,18117.6562
901,318.128,18248.4375
902,318.331,18107.3438
903,318.535,
904,318.725,17949.8438
905,318.924,18066.5625
906,319.125,18009.375
907,319.328,17634.8438
908,319.528,18112.9688
909,319.724,18189.375
910,319.928,18273.75
911,320.124,18021.5625
912,320.329,17495.625
913,320.529,17718.75
914,320.727,18161.25
915,320.925,18023.9062
916,321.129,15897.6562
917,321.327,18117.6562
918,321.53,18225.0
919,321.732,17996.25
920,321.928,18112.0312
921,322.124,18205.3125
922,322.325,18214.6875
923,322.527,17945.625
924,322.724,17853.75
925,322.928,17568.75
926,323.126,18105.0
927,323.329,17997.1875
928,323.529,17789.0625
929,323.725,18025.7812
930,323.925,17980.3125
931,324.125,17913.75
932,324.328,18251.7188
933,324.528,18127.0312
934,324.725,18262.5
935,324.924,18169.2188
936,325.124,17692.9688
937,325.329,18225.0
938,325.525,18211.875
939,325.728,18169.2188
940,325.926,18120.0
941,326.128,17934.375
942,326.329,17932.9688
943,326.525,18288.2812
944,326.725,17905.7812
945,326.93,18127.5
946,327.126,18284.0625
947,327.328,17792.3438
948,327.53,18208.5938
949,327.728,18099.8438
950,327.93,18114.375
951,328.136,18013.125
952,328.326,18164.5312
953,328.526,17961.0938
954,328.724,18065.1562
955,328.928,17812.0312
956,329.127,18014.0625
957,329.324,18134.0625
958,329.528,17697.6562
959,329.725,17811.0938
960,329.93,18334.6875
961,330.129,17963.4375
962,330.325,17897.8125
963,330.528,18053.4375
964,330.725,17974.2188
965,330.927,18133.125
966,331.125,18159.8438
967,331.324,17991.0938
968,331.529,18253.5938
969,331.733,18166.4062
970,331.925,17751.5625
971,332.124,18273.2812
972,332.324,18274.6875
973,332.526,18170.625
974,332.724,
975,332.929,18117.6562
976,333.124,18084.375
977,333.324,18111.0938
978,333.53,18162.6562
979,333.728,18107.3438
980,333.924,18198.2812
981,334.128,18078.75
982,334.324,17557.9688
983,334.531,18255.0
984,334.726,18256.875
985,334.924,18197.3438
986,335.129,18322.5
987,335.324,18132.6562
988,335.524,18163.125
989,335.726,18199.2188
990,335.931,17880.4688
991,336.128,18010.7812
992,336.329,18084.8438
993,336.525,18033.2812
994,336.729,17860.7812
995,336.929,18192.1875
996,337.129,18239.5312
997,337.324,17805.0
998,337.524,18161.7188
999,337.724,18135.4688
1000,337.924,18230.625
1001,338.129,18161.7188
1002,338.33,18072.6562
1003,338.526,18335.625
1004,338.725,17783.4375
1005,338.925,17698.125
1006,339.125,18032.3438
1007,339.324,18187.9688
1008,339.526,18068.9062
1009,339.724,18213.2812
1010,339.928,18199.2188
1011,340.124,17782.0312
1012,340.328,18016.4062
1013,340.524,17849.5312
1014,340.728,18099.8438
1015,340.929,
1016,341.125,18265.3125
1017,341.324,18091.875
1018,341.527,17909.5312
1019,341.725,18121.875
1020,341.925,18199.6875
1021,342.125,18058.125
1022,342.327,18230.625
1023,342.525,18234.375
1024,342.724,18190.3125
1025,342.924,18006.0938
1026,343.129,18236.25
1027,343.325,18025.7812
1028,343.527,18260.1562
1029,343.725,18100.7812
1030,343.924,17467.5
1031,344.125,18107.3438
1032,344.325,18221.25
1033,344.525,18120.0
1034,344.724,18105.0
1035,344.926,17975.625
1036,345.125,18014.5312
1037,345.329,18209.0625
1038,345.525,
1039,345.724,18193.5938
1040,345.924,17960.1562
1041,346.124,18198.75
1042,346.328,18152.3438
1043,346.525,17863.125
1044,346.725,18003.75
1045,346.924,17972.8125
1046,347.125,18199.6875
1047,347.326,18107.3438
1048,347.525,18256.4062
1049,347.725,18283.5938
1050,347.929,18096.0938
1051,348.13,18138.2812
1052,348.329,18312.1875
1053,348.529,18023.4375
1054,348.729,18067.0312
1055,348.925,18189.8438
1056,349.125,17934.8438
1057,349.328,18294.375
1058,349.526,17984.5312
1059,349.725,
1060,349.926,
1061,350.125,
1062,350.327,
1063,350.524,
1064,350.728,
1065,350.929,
1066,351.125,17926.875
1067,351.332,18154.6875
1068,351.53,18101.25
1069,351.729,18171.0938
1070,351.925,17903.9062
1071,352.125,18141.5625
1072,352.326,18113.9062
1073,352.525,18151.875
1074,352.724,
1075,352.926,18033.2812
1076,353.124,
1077,353.325,18263.9062
1078,353.525,17986.4062
1079,353.729,18081.5625
1080,353.929,18217.9688
1081,354.13,18060.4688
1082,354.329,18110.625
1083,354.524,17617.5
1084,354.727,18048.75
1085,354.925,18056.25
1086,355.125,18180.9375
1087,355.325,18115.3125
1088,355.525,18091.4062
1089,355.724,18154.6875
1090,355.925,17465.1562
1091,356.124,18192.6562
1092,356.329,18092.3438
1093,356.529,18037.5
1094,356.725,18084.8438
1095,356.928,18108.75
1096,357.13,18195.4688
1097,357.328,17831.25
1098,357.529,18199.2188
1099,357.724,18241.4062
1100,357.925,15247.0312
1101,358.124,17828.9062
1102,358.329,18116.25
1103,358.525,18079.6875
1104,358.725,18158.9062
1105,358.924,17778.75
1106,359.125,17743.125
1107,359.324,18140.1562
1108,359.525,17807.8125
1109,359.724,18048.75
1110,359.929,17995.3125
1111,360.124,18316.875
1112,360.325,17911.875
1113,360.527,18060.4688
1114,360.729,17865.4688
1115,360.926,18013.125
1116,361.125,17932.9688
1117,361.324,17974.6875
1118,361.525,18246.0938
1119,361.727,18100.7812
1120,361.925,17962.0312
1121,362.124,18097.0312
1122,362.329,18106.4062
1123,362.525,18206.7188
1124,362.725,17779.2188
1125,362.928,18277.0312
1126,363.125,
1127,363.324,17914.2188
1128,363.525,18189.8438
1129,363.726,18101.25
1130,363.925,18028.125
1131,364.126,17813.4375
1132,364.324,18207.1875
1133,364.525,18147.1875
1134,364.725,17213.9062
1135,364.928,17888.4375
1136,365.125,17947.5
1137,365.325,18071.7188
1138,365.524,18189.8438
1139,365.725,17845.7812
1140,365.929,17952.6562
1141,366.125,18347.8125
1142,366.324,18033.75
1143,366.528,18327.1875
1144,366.724,18219.375
1145,366.925,18197.3438
1146,367.127,18150.4688
1147,367.325,18212.3438
1148,367.525,18097.9688
1149,367.725,18039.375
1150,367.925,18044.5312
1151,368.125,18210.4688
1152,368.325,17633.9062
1153,368.528,17860.7812
1154,368.729,18125.1562
1155,368.928,17928.2812
1156,369.125,18040.7812
1157,369.325,18074.0625
1158,369.525,18152.8125
1159,369.724,18074.5312
1160,369.925,17953.125
1161,370.125,18068.4375
1162,370.325,18242.3438
1163,370.525,
1164,370.725,16931.25
1165,370.924,17543.4375
1166,371.132,17196.5625
1167,371.324,18179.0625
1168,371.525,17508.75
1169,371.724,18116.7188
1170,371.925,18252.6562
1171,372.125,18152.8125
1172,372.325,17744.0625
1173,372.525,18163.5938
1174,372.725,
1175,372.925,
1176,373.125,
1177,373.324,
1178,373.525,18351.5625
1179,373.725,18114.375
1180,373.925,18052.0312
1181,374.125,18247.9688
1182,374.325,17963.4375
1183,374.525,17859.375
1184,374.724,18170.1562
1185,374.925,17589.8438
1186,375.125,
1187,375.324,17946.5625
1188,375.524,17989.6875
1189,375.725,18094.6875
1190,375.925,17850.0
1191,376.125,18056.25
1192,376.325,18251.25
1193,376.525,18097.0312
1194,376.725,18132.1875
1195,376.925,18252.1875
1196,377.125,18241.4062
1197,377.325,18192.6562
1198,377.525,18122.8125
1199,377.724,18228.75
1200,377.928,18182.8125
1201,378.13,18239.5312
1202,378.329,17964.8438
1203,378.526,18106.875
1204,378.725,18210.4688
1205,378.925,18027.6562
1206,379.125,18004.2188
1207,379.329,18084.375
1208,379.529,18288.2812
1209,379.725,17768.9062
1210,379.924,17867.3438
1211,380.125,18137.8125
1212,380.325,16452.6562
1213,380.525,18226.4062
1214,380.724,17363.9062
1215,380.926,17809.6875
1216,381.124,18055.3125
1217,381.328,
1218,381.525,
1219,381.726,18222.1875
1220,381.925,18211.875
1221,382.125,17758.5938
1222,382.325,17848.125
1223,382.524,18135.0
1224,382.726,18190.7812
1225,382.924,18104.5312
1226,383.125,13927.5
1227,383.325,18106.4062
1228,383.525,17790.9375
1229,383.725,17754.8438
1230,383.924,
1231,384.125,
1232,384.325,18009.8438
1233,384.525,18189.375
1234,384.724,17953.125
1235,384.925,18070.7812
1236,385.125,17971.4062
1237,385.325,18102.1875
1238,385.524,18135.4688
1239,385.725,17880.4688
1240,385.925,18214.2188
1241,386.125,18194.0625
1242,386.324,18188.9062
1243,386.528,17979.8438
1244,386.725,18054.375
1245,386.925,18146.7188
1246,387.124,
1247,387.325,
1248,387.525,
1249,387.725,15021.5625
1250,387.926,17897.8125
1251,388.124,17786.25
1252,388.325,18012.1875
1253,388.524,17594.0625
1254,388.725,
1255,388.925,
1256,389.124,17865.4688
1257,389.325,18172.0312
1258,389.526,
1259,389.726,18176.7188
1260,389.927,18091.4062
1261,390.125,18063.2812
1262,390.325,17785.3125
1263,390.524,18076.875
1264,390.724,
1265,390.925,17773.125
1266,391.125,18317.3438
1267,391.325,15656.25
1268,391.529,17979.8438
1269,391.724,18017.3438
1270,391.924,14009.5312
1271,392.125,17794.2188
1272,392.325,18238.125
1273,392.524,18014.5312
1274,392.724,13905.4688
1275,392.924,17933.9062
1276,393.125,17841.5625
1277,393.329,18147.1875
1278,393.528,17797.9688
1279,393.725,
1280,393.924,16979.5312
1281,394.124,18079.2188
1282,394.325,14728.5938
1283,394.525,18113.9062
1284,394.724,18225.0
1285,394.924,18275.625
1286,395.125,18035.625
1287,395.325,17730.0
1288,395.525,18227.8125
1289,395.725,18094.2188
1290,395.926,11603.4375
1291,396.124,17666.25
1292,396.325,18112.0312
1293,396.525,18108.2812
1294,396.724,18159.375
1295,396.925,18203.4375
1296,397.125,17989.2188
1297,397.325,18046.875
1298,397.528,17935.3125
1299,397.725,16036.4062
1300,397.925,
1301,398.126,
1302,398.324,
1303,398.525,
1304,398.724,
1305,398.926,17728.5938
1306,399.125,18074.5312
1307,399.325,18157.9688
1308,399.525,18033.75
1309,399.725,18082.9688
1310,399.925,18174.8438
1311,400.124,18120.9375
1312,400.325,17964.8438
1313,400.524,17890.3125
1314,400.725,17413.125
1315,400.924,18139.2188
1316,401.125,17876.25
1317,401.324,18174.375
1318,401.527,
1319,401.726,
1320,401.925,
1321,402.125,14248.125
1322,402.325,18186.5625
1323,402.525,17845.7812
1324,402.725,18041.25
1325,402.924,18166.4062
1326,403.125,18084.8438
1327,403.324,18099.8438
1328,403.528,18030.4688
1329,403.724,18180.0
1330,403.925,17862.1875
1331,404.125,17720.1562
1332,404.326,18101.25
1333,404.526,
1334,404.725,16919.0625
1335,404.925,17587.5
1336,405.125,18129.8438
1337,405.325,18103.125
1338,405.525,
1339,405.729,18092.3438
1340,405.925,18132.6562
1341,406.125,16128.75
1342,406.325,18269.5312
1343,406.525,18175.3125
1344,406.726,17939.5312
1345,406.925,17536.875
1346,407.126,17883.75
1347,407.325,
1348,407.525,
1349,407.725,17916.5625
1350,407.925,18219.8438
1351,408.124,17817.1875
1352,408.326,18138.2812
1353,408.525,18040.3125
1354,408.725,17092.5
1355,408.925,18056.7188
1356,409.125,18231.5625
1357,409.325,18223.125
1358,409.525,
1359,409.725,18032.3438
1360,409.925,17678.9062
1361,410.124,17933.4375
1362,410.325,
1363,410.524,18019.6875
1364,410.725,14966.7188
1365,410.925,
1366,411.125,
1367,411.325,
1368,411.526,
1369,411.725,
1370,411.924,
1371,412.125,17990.1562
1372,412.325,17883.2812
1373,412.525,17787.6562
1374,412.725,18217.0312
1375,412.925,17992.5
1376,413.125,
1377,413.325,
1378,413.525,12199.6875
1379,413.725,
1380,413.926,
1381,414.125,
1382,414.328,
1383,414.525,
1384,414.725,
1385,414.925,
1386,415.125,
1387,415.326,
1388,415.525,
1389,415.725,
1390,415.925,
1391,416.125,
1392,416.325,
1393,416.526,
1394,416.733,
1395,416.924,
1396,417.125,
1397,417.325,
1398,417.525,
1399,417.726,
1400,417.925,
1401,418.125,
1402,418.325,
1403,418.525,
1404,418.725,
1405,418.925,
1406,419.125,
1407,419.325,
1408,419.525,
1409,419.725,
1410,419.925,9974.53125
1411,420.126,
1412,420.325,
1413,420.525,
1414,420.725,
1415,420.925,
1416,421.125,
1417,421.327,
1418,421.525,
1419,421.725,
1420,421.926,
1421,422.125,17902.9688
1422,422.324,18009.8438
1423,422.525,17862.1875
1424,422.725,18165.0
1425,422.924,18003.75
1426,423.125,15745.3125
1427,423.325,18159.8438
1428,423.525,
1429,423.725,
1430,423.925,
1431,424.125,
1432,424.325,15869.5312
1433,424.525,18156.5625
1434,424.725,17973.2812
1435,424.925,17839.2188
1436,425.125,18219.375
1437,425.325,
1438,425.525,
1439,425.725,
1440,425.925,
1441,426.125,17939.0625
1442,426.325,17031.5625
1443,426.525,18279.375
1444,426.725,15611.25
1445,426.925,18166.875
1446,427.125,
1447,427.325,18171.5625
1448,427.527,18203.4375
1449,427.725,17765.1562
1450,427.925,18180.4688
1451,428.125,17753.4375
1452,428.325,17685.4688
1453,428.525,
1454,428.725,17701.4062
1455,428.925,18187.5
1456,429.125,
1457,429.325,15796.875
1458,429.525,18233.9062
1459,429.725,17970.4688
1460,429.924,18022.0312
1461,430.124,17650.7812
1462,430.325,
1463,430.525,
1464,430.725,
1465,430.925,
1466,431.125,
1467,431.325,16626.0938
1468,431.525,
1469,431.725,
1470,431.925,
1471,432.125,
1472,432.325,17960.625
1473,432.525,
1474,432.725,
1475,432.925,17944.6875
1476,433.125,17760.4688
1477,433.325,
1478,433.53,
1479,433.725,
1480,433.925,
1481,434.124,
1482,434.325,17824.2188
1483,434.525,18157.5
1484,434.725,18127.0312
1485,434.925,18030.9375
1486,435.125,
1487,435.325,18298.125
1488,435.525,18260.1562
1489,435.725,18079.6875
1490,435.925,18135.4688
1491,436.124,18194.0625
1492,436.325,18269.5312
1493,436.528,
1494,436.725,13848.75
1495,436.925,18170.1562
1496,437.125,18067.0312
1497,437.325,18202.0312
1498,437.525,18187.0312
1499,437.725,18078.2812
1500,437.925,18088.5938
1501,438.125,17755.7812
1502,438.325,
1503,438.526,
1504,438.725,18199.2188
1505,438.927,17737.0312
1506,439.125,18257.8125
1507,439.324,18152.3438
1508,439.525,17565.0
1509,439.725,17595.4688
1510,439.925,
1511,440.125,17792.8125
1512,440.325,17117.8125
1513,440.525,
1514,440.725,
1515,440.925,
1516,441.125,
1517,441.325,
1518,441.534,
1519,441.724,
1520,441.925,
1521,442.124,
1522,442.326,
1523,442.524,
1524,442.726,
1525,442.927,
1526,443.125,
1527,443.325,
1528,443.525,
1529,443.726,
1530,443.925,18156.0938
1531,444.125,14026.875
1532,444.325,
1533,444.526,18114.8438
1534,444.725,
1535,444.925,
1536,445.125,
1537,445.325,
1538,445.525,18049.2188
1539,445.725,
1540,445.929,
1541,446.128,18018.2812
1542,446.325,
1543,446.526,
1544,446.725,
1545,446.925,
1546,447.125,
1547,447.326,
1548,447.525,
1549,447.724,
1550,447.925,
1551,448.125,
1552,448.325,
1553,448.525,
1554,448.733,
1555,448.925,
1556,449.127,
1557,449.325,
1558,449.525,
1559,449.726,
1560,449.925,
1561,450.126,
1562,450.325,
1563,450.525,
1564,450.725,18064.6875
1565,450.925,18126.0938
1566,451.126,
1567,451.327,15351.0938
1568,451.525,18046.4062
1569,451.725,
1570,451.925,
1571,452.126,
1572,452.326,
1573,452.525,
1574,452.725,
1575,452.925,
1576,453.125,18295.3125
1577,453.325,
1578,453.525,
1579,453.725,18361.875
1580,453.926,17833.5938
1581,454.128,18060.4688
1582,454.325,17789.5312
1583,454.525,17880.4688
1584,454.725,17825.1562
1585,454.925,18208.5938
1586,455.125,18045.4688
1587,455.325,
1588,455.525,
1589,455.725,18115.3125
1590,455.926,
1591,456.124,
1592,456.327,
1593,456.525,
1594,456.724,
1595,456.93,
1596,457.125,
1597,457.325,
1598,457.525,
1599,457.727,
1600,457.925,18189.375
1601,458.125,17963.9062
1602,458.325,17946.0938
1603,458.526,17571.0938
1604,458.725,18158.4375
1605,458.925,18151.4062
1606,459.13,18198.2812
1607,459.325,18214.2188
1608,459.528,
1609,459.725,
1610,459.925,
1611,460.126,
1612,460.325,17574.8438
1613,460.525,
1614,460.725,
1615,460.925,
1616,461.125,
1617,461.325,
1618,461.524,
1619,461.725,
1620,461.925,
1621,462.125,
1622,462.324,
1623,462.525,
1624,462.725,
1625,462.925,
1626,463.125,
1627,463.325,
1628,463.524,17196.0938
1629,463.725,18009.8438
1630,463.924,17960.625
1631,464.125,18207.1875
1632,464.329,
1633,464.525,
1634,464.725,12678.75
1635,464.925,17928.2812
1636,465.125,16444.2188
1637,465.325,
1638,465.525,18084.375
1639,465.725,17943.75
1640,465.925,17944.6875
1641,466.125,17961.5625
1642,466.325,
1643,466.525,
1644,466.725,17866.875
1645,466.924,17839.2188
1646,467.125,17964.375
1647,467.325,18016.875
1648,467.526,17821.875
1649,467.724,
1650,467.934,17060.1562
1651,468.124,17830.7812
1652,468.325,17923.5938
1653,468.524,18090.9375
1654,468.726,18038.9062
1655,468.928,18153.2812
1656,469.125,18163.5938
1657,469.325,
1658,469.526,18293.9062
1659,469.725,17981.7188
1660,469.925,
1661,470.125,
1662,470.326,
1663,470.525,
1664,470.725,
1665,470.925,
1666,471.126,
1667,471.326,17598.2812
1668,471.525,
1669,471.727,
1670,471.926,
1671,472.131,
1672,472.326,17974.2188
1673,472.525,
1674,472.725,
1675,472.926,
1676,473.126,18302.3438
1677,473.325,18052.0312
1678,473.525,17775.4688
1679,473.725,
1680,473.925,18121.4062
1681,474.125,17976.5625
1682,474.324,17794.2188
1683,474.525,
1684,474.725,18136.875
1685,474.925,
1686,475.126,
1687,475.325,18132.1875
1688,475.525,
1689,475.725,
1690,475.925,
1691,476.125,
1692,476.326,17698.5938
1693,476.525,
1694,476.725,
1695,476.926,
1696,477.125,
1697,477.326,
1698,477.525,
1699,477.727,
1700,477.925,
1701,478.125,
1702,478.325,
1703,478.525,
1704,478.725,
1705,478.926,
1706,479.125,
1707,479.325,
1708,479.525,
1709,479.729,
1710,479.925,
1711,480.124,
1712,480.325,
1713,480.525,
1714,480.725,
1715,480.925,
1716,481.125,
1717,481.325,
1718,481.525,
1719,481.725,
1720,481.924,
1721,482.125,
1722,482.326,
1723,482.525,
1724,482.725,
1725,482.925,
1726,483.125,
1727,483.326,
1728,483.525,
1729,483.728,
1730,483.924,
1731,484.125,
1732,484.325,
1733,484.525,
1734,484.724,
1735,484.926,
1736,485.125,
1737,485.326,
1738,485.526,
1739,485.725,
1740,485.925,
1741,486.125,
1742,486.325,
1743,486.53,
1744,486.725,
1745,486.925,
1746,487.125,
1747,487.325,
1748,487.525,
1749,487.725,
1750,487.925,
1751,488.125,
1752,488.326,
1753,488.525,
1754,488.728,
1755,488.925,
1756,489.125,
1757,489.325,
1758,489.525,
1759,489.725,
1760,489.926,
1761,490.125,
1762,490.326,
1763,490.525,
1764,490.725,
1765,490.925,
1766,491.125,
1767,491.325,
1768,491.525,
1769,491.725,
1770,491.925,
