,Elapsed_Time,Data
0,0.0,3.424e-08
1,0.188,2.6239999999999995e-08
2,0.386,3.12e-08
3,0.586,3.04e-08
4,0.786,3.92e-08
5,0.986,2.88e-08
6,1.187,3.024e-08
7,1.386,3.44e-08
8,1.585,3.072e-08
9,1.789,3.44e-08
10,1.985,3.168e-08
11,2.187,3.1360000000000004e-08
12,2.386,3.904e-08
13,2.585,3.312e-08
14,2.785,3.0560000000000004e-08
15,2.985,3.552e-08
16,3.185,2.6239999999999995e-08
17,3.386,3.92e-08
18,3.585,2.6719999999999997e-08
19,3.786,3.632e-08
20,3.985,3.472e-08
21,4.186,2.8960000000000003e-08
22,4.386,3.696e-08
23,4.586,2.736e-08
24,4.785,4.32e-08
25,4.987,3.984e-08
26,5.186,3.392e-08
27,5.386,5.7920000000000005e-08
28,5.586,3.808e-08
29,5.786,3.5039999999999995e-08
30,5.987,5.648e-08
31,6.186,3.264e-08
32,6.387,3.312e-08
33,6.585,2.992e-08
34,6.786,4.3839999999999994e-08
35,6.986,4.6080000000000006e-08
36,7.186,4.24e-08
37,7.386,3.2799999999999996e-08
38,7.587,3.44e-08
39,7.789,3.1519999999999994e-08
40,7.986,4.3839999999999994e-08
41,8.187,4.912e-08
42,43.564,5.008e-08
43,133.547,3.184e-08
44,146.739,2.9279999999999998e-08
45,146.925,3.232e-08
46,147.124,2.656e-08
47,147.323,2.8480000000000004e-08
48,147.531,2.88e-08
49,147.724,2.8480000000000004e-08
50,147.924,3.2160000000000005e-08
51,148.123,3.936e-08
52,148.324,3.184e-08
53,148.523,2.864e-08
54,148.724,2.416e-08
55,148.923,3.1360000000000004e-08
56,149.124,3.696e-08
57,149.326,2.9760000000000003e-08
58,149.523,2.7680000000000004e-08
59,149.724,3.3760000000000006e-08
60,149.924,3.408e-08
61,150.123,3.312e-08
62,150.324,4.4639999999999995e-08
63,150.523,3.3760000000000006e-08
64,150.724,3.5039999999999995e-08
65,150.924,4.1760000000000005e-08
66,151.124,3.2960000000000005e-08
67,151.324,4.592e-08
68,151.532,3.2e-08
69,151.724,3.104e-08
70,151.925,3.1360000000000004e-08
71,152.124,2.912e-08
72,152.324,3.3760000000000006e-08
73,152.525,2.8480000000000004e-08
74,152.724,3.184e-08
75,152.924,3.68e-08
76,153.124,3.552e-08
77,153.326,4.064e-08
78,153.524,3.5839999999999995e-08
79,153.724,3.872e-08
80,153.924,4.16e-08
81,154.129,4.4800000000000004e-08
82,154.325,4.5119999999999996e-08
83,154.529,3.1360000000000004e-08
84,154.724,4.128e-08
85,154.924,5.152e-08
86,155.123,3.824e-08
87,155.329,3.2799999999999996e-08
88,155.532,3.44e-08
89,155.725,3.2960000000000005e-08
90,155.924,4.32e-08
91,156.128,3.984e-08
92,156.324,4.848e-08
93,156.525,3.6e-08
94,156.724,3.4560000000000006e-08
95,156.924,4.064e-08
96,157.123,3.264e-08
97,157.324,3.6e-08
98,157.526,6.432000000000001e-08
99,157.729,3.5039999999999995e-08
100,157.937,3.44e-08
101,158.129,3.472e-08
102,158.324,3.392e-08
103,158.529,5.152e-08
104,158.724,3.92e-08
105,158.923,3.472e-08
106,159.125,4.1760000000000005e-08
107,159.329,3.424e-08
108,159.524,3.872e-08
109,159.724,4.4000000000000004e-08
110,159.927,4.272e-08
111,160.124,3.712e-08
112,160.324,4.128e-08
113,160.536,5.088e-08
114,160.725,3.344e-08
115,160.924,4.192e-08
116,161.124,4.016e-08
117,161.325,3.5039999999999995e-08
118,161.523,3.232e-08
119,161.723,4.784e-08
120,161.923,3.344e-08
121,162.123,4.992e-08
122,162.324,4.2080000000000004e-08
123,162.523,4.144e-08
124,162.724,3.552e-08
125,162.924,3.3599999999999996e-08
126,163.123,4e-08
127,163.323,3.984e-08
128,163.535,4.048e-08
129,163.733,5.648e-08
130,163.928,3.616e-08
131,164.124,6.96e-08
132,164.323,4.976e-08
133,164.525,4.752e-08
134,164.723,5.056e-08
135,164.923,3.488e-08
136,165.124,3.728e-08
137,165.325,4.832e-08
138,165.525,4.4800000000000004e-08
139,165.724,5.104e-08
140,165.923,3.232e-08
141,166.125,3.2160000000000005e-08
142,166.327,4.352e-08
143,166.538,4.16e-08
144,166.729,5.824e-08
145,166.925,5.5039999999999995e-08
146,167.125,6.208e-08
147,167.323,5.5839999999999996e-08
148,167.524,3.76e-08
149,167.723,4.3039999999999994e-08
150,167.925,5.968e-08
151,168.124,4.8e-08
152,168.324,3.824e-08
153,168.528,4.048e-08
154,168.724,6.224000000000001e-08
155,168.924,4.0960000000000004e-08
156,169.124,5.92e-08
157,169.323,2.992e-08
158,169.524,4.032e-08
159,169.723,6.112000000000001e-08
160,169.924,5.2639999999999994e-08
161,170.123,5.152e-08
162,170.326,6.016e-08
163,170.529,4.672e-08
164,170.724,4.3360000000000006e-08
165,170.923,5.2639999999999994e-08
166,171.124,4.592e-08
167,171.323,6.064e-08
168,171.524,3.76e-08
169,171.723,6.848e-08
170,171.924,4.4800000000000004e-08
171,172.124,4.016e-08
172,172.324,4.272e-08
173,172.526,6.256e-08
174,172.724,4.7039999999999996e-08
175,172.924,4.3039999999999994e-08
176,173.124,4.992e-08
177,173.324,4.4480000000000005e-08
178,173.529,4.16e-08
179,173.723,5.12e-08
180,173.924,5.5839999999999996e-08
181,174.124,4.8e-08
182,174.324,5.904e-08
183,174.523,6.08e-08
184,174.724,7.968e-08
185,174.923,6.032e-08
186,175.124,6.704e-08
187,175.324,5.232e-08
188,175.526,3.2160000000000005e-08
189,175.724,5.2960000000000006e-08
190,175.926,8.208e-08
191,176.123,5.392e-08
192,176.324,4.96e-08
193,176.528,6.576e-08
194,176.724,6.08e-08
195,176.923,4.4639999999999995e-08
196,177.126,6.064e-08
197,177.323,4.96e-08
198,177.531,5.024e-08
199,177.724,5.904e-08
200,177.924,5.984e-08
201,178.123,6.447999999999999e-08
202,178.324,4.6239999999999996e-08
203,178.528,5.3600000000000004e-08
204,178.724,4.8159999999999996e-08
205,178.924,5.407999999999999e-08
206,179.124,6.127999999999999e-08
207,179.324,4.16e-08
208,179.524,3.488e-08
209,179.726,6.416e-08
210,179.924,3.232e-08
211,180.124,3.6e-08
212,180.325,6.224000000000001e-08
213,180.529,5.6e-08
214,180.724,6.784e-08
215,180.925,5.4239999999999995e-08
216,181.124,6.64e-08
217,181.324,7.712e-08
218,181.527,5.152e-08
219,181.724,6.224000000000001e-08
220,181.925,6.48e-08
221,182.124,8.336e-08
222,182.324,4.72e-08
223,182.528,6.336e-08
224,182.724,4.5119999999999996e-08
225,182.926,7.184e-08
226,183.123,4.112e-08
227,183.324,5.9520000000000006e-08
228,183.525,7.984e-08
229,183.725,8.24e-08
230,183.924,8.607999999999999e-08
231,184.125,6.208e-08
232,184.325,4.736000000000001e-08
233,184.524,4.3680000000000005e-08
234,184.724,5.7759999999999996e-08
235,184.924,6.384e-08
236,185.124,5.8720000000000006e-08
237,185.325,5.68e-08
238,185.538,5.2960000000000006e-08
239,185.725,5.7120000000000005e-08
240,185.924,5.2639999999999994e-08
241,186.126,6.336e-08
242,186.328,6.96e-08
243,186.527,4.672e-08
244,186.723,8.112e-08
245,186.924,5.472e-08
246,187.124,7.167999999999999e-08
247,187.324,8.016e-08
248,187.524,5.68e-08
249,187.723,5.6e-08
250,187.924,5.04e-08
251,188.124,6.112000000000001e-08
252,188.323,7.904e-08
253,188.527,4.672e-08
254,188.724,5.6639999999999996e-08
255,188.924,5.8559999999999996e-08
256,189.124,4.4800000000000004e-08
257,189.324,7.792000000000001e-08
258,189.529,6.096e-08
259,189.732,5.68e-08
260,189.924,7.088e-08
261,190.124,5.04e-08
262,190.324,5.136e-08
263,190.53,6.624e-08
264,190.729,3.952e-08
265,190.924,6.256e-08
266,191.124,8.112e-08
267,191.323,6.896e-08
268,191.535,9.184e-08
269,191.727,5.136e-08
270,191.923,6.24e-08
271,192.124,4.128e-08
272,192.324,7.072e-08
273,192.528,8.448e-08
274,192.724,6.064e-08
275,192.924,5.728e-08
276,193.125,4.5439999999999995e-08
277,193.324,5.84e-08
278,193.531,5.5039999999999995e-08
279,193.726,4.496000000000001e-08
280,193.925,6.704e-08
281,194.124,4.736000000000001e-08
282,194.324,7.52e-08
283,194.533,6.4e-08
284,194.731,6.112000000000001e-08
285,194.924,5.5520000000000003e-08
286,195.124,8.128e-08
287,195.33,6.528e-08
288,195.528,5.567999999999999e-08
289,195.723,5.648e-08
290,195.924,6.127999999999999e-08
291,196.124,5.024e-08
292,196.325,7.248e-08
293,196.526,8.863999999999999e-08
294,196.724,5.472e-08
295,196.924,7.104e-08
296,197.124,1.0575999999999999e-07
297,197.323,7.503999999999999e-08
298,197.524,6.736e-08
299,197.723,8.912e-08
300,197.923,5.984e-08
301,198.125,6.912000000000001e-08
302,198.324,5.76e-08
303,198.526,7.599999999999999e-08
304,198.723,5.936e-08
305,198.924,6.096e-08
306,199.124,6.447999999999999e-08
307,199.324,4.224e-08
308,199.525,6.384e-08
309,199.724,6.592000000000001e-08
310,199.924,8.208e-08
311,200.124,6.512e-08
312,200.324,7.568e-08
313,200.524,6.4e-08
314,200.723,4.832e-08
315,200.924,5.6320000000000004e-08
316,201.123,8.352000000000001e-08
317,201.324,6.416e-08
318,201.523,9.039999999999999e-08
319,201.724,7.184e-08
320,201.923,5.968e-08
321,202.124,7.152000000000001e-08
322,202.324,6.848e-08
323,202.535,1.0064e-07
324,202.724,6.384e-08
325,202.924,7.808e-08
326,203.124,7.296e-08
327,203.325,6.496000000000001e-08
328,203.529,6.208e-08
329,203.724,5.616000000000001e-08
330,203.924,8.288e-08
331,204.124,6.576e-08
332,204.325,6.912000000000001e-08
333,204.529,4.4000000000000004e-08
334,204.724,7.04e-08
335,204.924,9.504e-08
336,205.124,8.192000000000001e-08
337,205.325,6.848e-08
338,205.529,5.6e-08
339,205.723,6.032e-08
340,205.924,7.76e-08
341,206.124,7.552e-08
342,206.324,8.08e-08
343,206.526,1.1232000000000002e-07
344,206.724,8.256e-08
345,206.924,8.607999999999999e-08
346,207.124,6.719999999999999e-08
347,207.324,5.7759999999999996e-08
348,207.53,7.216e-08
349,207.724,5.184e-08
350,207.924,6.416e-08
351,208.124,7.744e-08
352,208.324,7.872e-08
353,208.528,6.864e-08
354,208.724,7.04e-08
355,208.924,8.176e-08
356,209.124,8.208e-08
357,209.324,5.247999999999999e-08
358,209.525,7.68e-08
359,209.724,7.744e-08
360,209.923,7.968e-08
361,210.124,1.2607999999999997e-07
362,210.324,7.599999999999999e-08
363,210.524,1.0016e-07
364,210.724,8.752e-08
365,210.924,5.616000000000001e-08
366,211.124,4.96e-08
367,211.325,9.519999999999999e-08
368,211.528,8e-08
369,211.725,6.624e-08
370,211.924,7.424e-08
371,212.124,7.664e-08
372,212.324,8.4e-08
373,212.528,8.48e-08
374,212.724,5.472e-08
375,212.924,9.744e-08
376,213.125,7.632000000000001e-08
377,213.324,5.648e-08
378,213.524,6.496000000000001e-08
379,213.724,7.408e-08
380,213.924,7.552e-08
381,214.13,9.232000000000001e-08
382,214.323,1.1472000000000001e-07
383,214.524,8.128e-08
384,214.724,7.36e-08
385,214.923,7.952000000000001e-08
386,215.124,8.272e-08
387,215.323,8.048e-08
388,215.524,9.648e-08
389,215.727,7.072e-08
390,215.924,8.72e-08
391,216.124,3.984e-08
392,216.324,1.1536e-07
393,216.528,6.032e-08
394,216.724,8.527999999999999e-08
395,216.924,8.48e-08
396,217.125,7.984e-08
397,217.323,7.167999999999999e-08
398,217.528,8.16e-08
399,217.727,9.568e-08
400,217.925,1.1119999999999999e-07
401,218.124,7.824e-08
402,218.324,8.624000000000001e-08
403,218.524,8.464000000000001e-08
404,218.724,9.295999999999999e-08
405,218.924,7.503999999999999e-08
406,219.124,7.792000000000001e-08
407,219.324,6.928e-08
408,219.524,8.32e-08
409,219.726,9.84e-08
410,219.924,7.167999999999999e-08
411,220.124,1.0655999999999998e-07
412,220.324,7.808e-08
413,220.528,7.408e-08
414,220.725,7.208e-08
415,220.924,8.208e-08
416,221.125,6.559999999999999e-08
417,221.329,1.0704000000000001e-07
418,221.524,5.04e-08
419,221.724,5.088e-08
420,221.924,8.704e-08
421,222.124,7.632000000000001e-08
422,222.324,1.104e-07
423,222.525,1.36e-07
424,222.724,1.0552e-07
425,222.924,7.984e-08
426,223.124,1.1792e-07
427,223.324,8.544e-08
428,223.535,7.776e-08
429,223.729,8.336e-08
430,223.924,7.04e-08
431,224.124,7.696000000000001e-08
432,224.324,7.744e-08
433,224.524,1.08e-07
434,224.724,8.943999999999999e-08
435,224.924,1.2544000000000002e-07
436,225.128,1.0128e-07
437,225.324,1.0544000000000001e-07
438,225.528,6.272000000000001e-08
439,225.724,7.968e-08
440,225.924,1.0272e-07
441,226.124,9.216000000000001e-08
442,226.324,6.544e-08
443,226.527,9.199999999999999e-08
444,226.725,7.648e-08
445,226.924,5.232e-08
446,227.131,5.104e-08
447,227.324,1.0224000000000001e-07
448,227.529,9.648e-08
449,227.724,4.8959999999999996e-08
450,227.924,8.064e-08
451,228.125,9.328e-08
452,228.323,8.527999999999999e-08
453,228.524,8.144000000000001e-08
454,228.723,8e-08
455,228.924,7.824e-08
456,229.124,9.232000000000001e-08
457,229.325,9.184e-08
458,229.525,8.416000000000001e-08
459,229.724,6.928e-08
460,229.924,8.416000000000001e-08
461,230.124,8.48e-08
462,230.327,9.583999999999999e-08
463,230.53,7.856e-08
464,230.724,8.368e-08
465,230.924,8.927999999999999e-08
466,231.124,5.5839999999999996e-08
467,231.324,8.144000000000001e-08
468,231.524,9.888e-08
469,231.724,8.096e-08
470,231.925,1.032e-07
471,232.124,9.184e-08
472,232.323,6.992000000000001e-08
473,232.524,6.08e-08
474,232.725,1.4736e-07
475,232.925,9.152000000000001e-08
476,233.124,9.488e-08
477,233.325,9.744e-08
478,233.529,1.056e-07
479,233.723,7.792000000000001e-08
480,233.924,1.4624000000000002e-07
481,234.13,1.2255999999999998e-07
482,234.324,1.3872e-07
483,234.526,1.2048e-07
484,234.724,6.864e-08
485,234.925,8.960000000000001e-08
486,235.124,1.0864000000000001e-07
487,235.324,7.12e-08
488,235.528,1.3072000000000002e-07
489,235.725,1.0895999999999999e-07
490,235.925,7.84e-08
491,236.124,8.816e-08
492,236.324,8.096e-08
493,236.529,1.0016e-07
494,236.724,6.559999999999999e-08
495,236.924,8.656e-08
496,237.124,7.856e-08
497,237.324,1.0687999999999999e-07
498,237.528,8.192000000000001e-08
499,237.724,1.0192e-07
500,237.924,1.3312000000000002e-07
501,238.124,1.192e-07
502,238.324,9.168e-08
503,238.524,1.104e-07
504,238.724,1.048e-07
505,238.924,7.92e-08
506,239.13,7.968e-08
507,239.324,7.343999999999999e-08
508,239.525,1.6048e-07
509,239.724,7.984e-08
510,239.924,1.2784e-07
511,240.124,1.272e-07
512,240.324,1.0272e-07
513,240.524,1.3152e-07
514,240.725,1.6304e-07
515,240.924,8.336e-08
516,241.125,1.0016e-07
517,241.324,1.0192e-07
518,241.524,1.0112e-07
519,241.724,9.295999999999999e-08
520,241.924,8.464000000000001e-08
521,242.124,8.288e-08
522,242.327,7.088e-08
523,242.524,5.9520000000000006e-08
524,242.724,1.1007999999999999e-07
525,242.924,1.1776e-07
526,243.124,7.408e-08
527,243.325,1.4624000000000002e-07
528,243.529,1.0512e-07
529,243.724,1.7952e-07
530,243.924,1.2815999999999998e-07
531,244.124,1.2032e-07
532,244.324,1.0704000000000001e-07
533,244.525,8.416000000000001e-08
534,244.724,9.664e-08
535,244.924,1.24e-07
536,245.125,1.4895999999999998e-07
537,245.325,1.1856e-07
538,245.528,8.927999999999999e-08
539,245.725,1.1392000000000002e-07
540,245.924,9.92e-08
541,246.125,1.3872e-07
542,246.324,9.631999999999999e-08
543,246.526,1.4064e-07
544,246.724,1.0288e-07
545,246.924,1.0527999999999999e-07
546,247.124,1.0864000000000001e-07
547,247.324,1.3455999999999998e-07
548,247.526,8.368e-08
549,247.723,7.952000000000001e-08
550,247.924,1.4192e-07
551,248.13,8.688e-08
552,248.324,8.304000000000001e-08
553,248.528,8.912e-08
554,248.724,5.84e-08
555,248.924,8.32e-08
556,249.124,1.2352e-07
557,249.324,1.0335999999999998e-07
558,249.524,1.1135999999999999e-07
559,249.724,7.824e-08
560,249.924,9.216000000000001e-08
561,250.124,6.816e-08
562,250.324,6.127999999999999e-08
563,250.53,1.3872e-07
564,250.724,9.344e-08
565,250.924,1.136e-07
566,251.125,1.1744000000000001e-07
567,251.325,9.519999999999999e-08
568,251.528,8.832000000000001e-08
569,251.724,9.056000000000001e-08
570,251.925,9.263999999999999e-08
571,252.124,8.192000000000001e-08
572,252.324,1.1104000000000001e-07
573,252.524,1.048e-07
574,252.725,1.2015999999999999e-07
575,252.924,1.1568e-07
576,253.124,8.512000000000001e-08
577,253.324,1.4368e-07
578,253.525,1.0495999999999998e-07
579,253.724,1.4784e-07
580,253.924,1.2848e-07
581,254.124,1.5136e-07
582,254.325,1.2e-07
583,254.529,1.2815999999999998e-07
584,254.724,9.359999999999999e-08
585,254.923,1.0112e-07
586,255.125,1.5968e-07
587,255.323,1.96e-07
588,255.529,1.6096e-07
589,255.724,8.096e-08
590,255.924,1.3152e-07
591,256.125,1.0048e-07
592,256.328,7.76e-08
593,256.524,9.44e-08
594,256.725,1.2096e-07
595,256.924,1.0304e-07
596,257.124,8.336e-08
597,257.327,1.104e-07
598,257.526,1.1104000000000001e-07
599,257.724,1.2432e-07
600,257.924,1.3168e-07
601,258.124,9.392000000000001e-08
602,258.33,1.0368e-07
603,258.524,1.4624000000000002e-07
604,258.724,1.32e-07
605,258.924,9.6e-08
606,259.125,1.2592e-07
607,259.324,7.728e-08
608,259.525,1.4864e-07
609,259.724,1.8032e-07
610,259.924,1.2976e-07
611,260.124,9.856e-08
612,260.324,1.6015999999999997e-07
613,260.526,1.3024e-07
614,260.724,9.103999999999999e-08
615,260.924,1.384e-07
616,261.124,1.0607999999999998e-07
617,261.324,8.832000000000001e-08
618,261.525,1.1312000000000001e-07
619,261.724,1.3327999999999999e-07
620,261.924,9.696e-08
621,262.124,1.4975999999999999e-07
622,262.324,1.2736e-07
623,262.524,1.1856e-07
624,262.724,1.0592000000000001e-07
625,262.924,1.824e-07
626,263.124,1.0448e-07
627,263.324,1.4048e-07
628,263.524,9.679999999999999e-08
629,263.724,1.2032e-07
630,263.924,1.6368e-07
631,264.126,1.472e-07
632,264.324,9.423999999999999e-08
633,264.528,1.4655999999999998e-07
634,264.724,1.3888e-07
635,264.924,9.103999999999999e-08
636,265.124,8.863999999999999e-08
637,265.324,1.1024000000000001e-07
638,265.524,8.256e-08
639,265.724,8.144000000000001e-08
640,265.924,2.3375999999999997e-07
641,266.124,9.023999999999999e-08
642,266.324,1.5072000000000002e-07
643,266.524,1.512e-07
644,266.725,9.247999999999999e-08
645,266.924,1.416e-07
646,267.124,9.583999999999999e-08
647,267.324,1.432e-07
648,267.524,1.016e-07
649,267.724,9.728e-08
650,267.924,1.3648e-07
651,268.124,8.767999999999999e-08
652,268.326,8.016e-08
653,268.525,1.0575999999999999e-07
654,268.724,8.56e-08
655,268.924,1.3056e-07
656,269.124,1.3712e-07
657,269.324,1.2976e-07
658,269.525,1.0128e-07
659,269.724,1.4816e-07
660,269.924,1.2880000000000002e-07
661,270.125,1.056e-07
662,270.324,1.5968e-07
663,270.525,2.0239999999999999e-07
664,270.724,8.48e-08
665,270.924,1.0495999999999998e-07
666,271.124,7.424e-08
667,271.324,1.3168e-07
668,271.525,1.2336e-07
669,271.724,1.8047999999999999e-07
670,271.924,1.4608e-07
671,272.124,1.3088e-07
672,272.324,9.856e-08
673,272.525,1.296e-07
674,272.724,2.0688000000000004e-07
675,272.925,8.208e-08
676,273.124,2.8224e-07
677,273.324,1.528e-07
678,273.53,2.6288e-07
679,273.724,1.28e-07
680,273.924,1.24e-07
681,274.125,1.3728e-07
682,274.325,1.2255999999999998e-07
683,274.524,9.76e-08
684,274.724,2.1104e-07
685,274.924,8.912e-08
686,275.124,1.0895999999999999e-07
687,275.325,1.3728e-07
688,275.524,2.1455999999999998e-07
689,275.724,9.648e-08
690,275.924,9.488e-08
691,276.125,6.144e-08
692,276.324,9.568e-08
693,276.524,1.2512e-07
694,276.724,7.936e-08
695,276.925,1.5248e-07
696,277.124,1.0368e-07
697,277.324,1.3856e-07
698,277.529,1.8815999999999999e-07
699,277.725,1.4544e-07
700,277.925,1.7904e-07
701,278.124,1.8336e-07
702,278.324,1.6256e-07
703,278.524,1.896e-07
704,278.724,1.7152000000000002e-07
705,278.924,1.9648e-07
706,279.124,1.8864e-07
707,279.324,7.52e-08
708,279.526,1.2544000000000002e-07
709,279.724,9.6e-08
710,279.924,1.6432000000000003e-07
711,280.123,1.2752000000000002e-07
712,280.324,1.3088e-07
713,280.523,9.76e-08
714,280.728,1.4112e-07
715,280.923,1.2048e-07
716,281.124,1.1504000000000002e-07
717,281.324,1.4992e-07
718,281.524,1.32e-07
719,281.725,8.416000000000001e-08
720,281.924,1.3232e-07
721,282.124,2.8975999999999997e-07
722,282.324,1.0432000000000001e-07
723,282.527,2.0768000000000002e-07
724,282.724,1.9744e-07
725,282.924,1.3744000000000002e-07
726,283.124,1.9984000000000002e-07
727,283.324,2.1264e-07
728,283.526,9.328e-08
729,283.724,2.6944e-07
730,283.924,1.6112000000000003e-07
731,284.125,9.44e-08
732,284.324,1.8256000000000001e-07
733,284.525,1.9744e-07
734,284.725,1.6272000000000002e-07
735,284.924,1.6416e-07
736,285.125,1.56e-07
737,285.324,1.8847999999999998e-07
738,285.525,1.304e-07
739,285.724,1.3007999999999998e-07
740,285.924,1.0272e-07
741,286.125,1.1088e-07
742,286.329,1.3968e-07
743,286.526,1.2976e-07
744,286.724,1.4304000000000002e-07
745,286.924,2.0464e-07
746,287.125,1.6992e-07
747,287.328,1.2784e-07
748,287.524,
749,287.724,1.7312e-07
750,287.924,7.648e-08
751,288.124,1.5472000000000002e-07
752,288.323,1.0192e-07
753,288.525,1.648e-07
754,288.725,1.5872e-07
755,288.924,7.552e-08
756,289.124,2.1104e-07
757,289.324,3.0128e-07
758,289.53,2.0352e-07
759,289.724,9.072000000000001e-08
760,289.924,1.1327999999999999e-07
761,290.125,1.1952e-07
762,290.324,1.9008e-07
763,290.532,1.4095999999999999e-07
764,290.73,8.992000000000001e-08
765,290.924,1.4944000000000002e-07
766,291.124,1.7824e-07
767,291.325,1.8128e-07
768,291.524,1.6688e-07
769,291.724,1.0048e-07
770,291.925,2.0128e-07
771,292.124,1.168e-07
772,292.324,1.3392000000000002e-07
773,292.528,1.8944000000000003e-07
774,292.724,1.7696e-07
775,292.924,1.4528e-07
776,293.124,1.8207999999999997e-07
777,293.327,1.3056e-07
778,293.525,2.1311999999999997e-07
779,293.724,1.7088e-07
780,293.925,1.9008e-07
781,294.124,2.5648000000000003e-07
782,294.325,2.1568e-07
783,294.525,9.488e-08
784,294.724,1.2432e-07
785,294.928,2.5088000000000003e-07
786,295.131,1.928e-07
787,295.33,1.3007999999999998e-07
788,295.527,1.8527999999999998e-07
789,295.729,2.7728e-07
790,295.925,2.2624000000000002e-07
791,296.124,1.9824e-07
792,296.325,1.6272000000000002e-07
793,296.524,1.5968e-07
794,296.724,1.9488e-07
795,296.925,2.4928e-07
796,297.124,2.12e-07
797,297.324,1.3808e-07
798,297.526,4.3872e-07
799,297.725,1.7632e-07
800,297.924,1.0016e-07
801,298.123,1.2895999999999998e-07
802,298.327,2.2144000000000003e-07
803,298.523,1.7727999999999998e-07
804,298.728,1.0495999999999998e-07
805,298.924,2.3471999999999997e-07
806,299.123,1.768e-07
807,299.329,9.023999999999999e-08
808,299.525,1.0128e-07
809,299.724,1.12e-07
810,299.929,1.304e-07
811,300.124,1.8656e-07
812,300.328,1.384e-07
813,300.529,1.4192e-07
814,300.724,1.2752000000000002e-07
815,300.93,1.4895999999999998e-07
816,301.125,1.0672e-07
817,301.328,1.3872e-07
818,301.524,1.7136e-07
819,301.725,1.1119999999999999e-07
820,301.924,1.8847999999999998e-07
821,302.125,1.8736e-07
822,302.325,9.808e-08
823,302.526,1.0687999999999999e-07
824,302.724,1.448e-07
825,302.924,1.28e-07
826,303.124,1.3056e-07
827,303.324,1e-07
828,303.525,9.344e-08
829,303.724,2.0671999999999996e-07
830,303.924,2.528e-07
831,304.125,9.232000000000001e-08
832,304.325,8.32e-08
833,304.524,1.1264000000000001e-07
834,304.725,2.6496e-07
835,304.924,1.3712e-07
836,305.124,1.992e-07
837,305.323,1.92e-07
838,305.525,1.616e-07
839,305.725,1.8144000000000002e-07
840,305.925,1.856e-07
841,306.124,9.359999999999999e-08
842,306.324,1.3568e-07
843,306.526,1.232e-07
844,306.724,3.4128e-07
845,306.924,1.664e-07
846,307.124,1.1392000000000002e-07
847,307.327,1.4432e-07
848,307.524,2.0047999999999998e-07
849,307.724,1.6992e-07
850,307.928,1.952e-07
851,308.124,1.3056e-07
852,308.326,1.4895999999999998e-07
853,308.524,2.536e-07
854,308.725,3.3648e-07
855,308.924,1.1279999999999999e-07
856,309.124,1.28e-07
857,309.325,1.3872e-07
858,309.524,1.272e-07
859,309.724,2.1584e-07
860,309.924,8.48e-08
861,310.124,1.6079999999999998e-07
862,310.324,2.0192e-07
863,310.524,1.4015999999999998e-07
864,310.724,2.3904e-07
865,310.924,1.4368e-07
866,311.124,8.288e-08
867,311.328,1.768e-07
868,311.524,1.4496e-07
869,311.725,1.5535999999999998e-07
870,311.93,2.0304000000000002e-07
871,312.124,2.3456e-07
872,312.325,
873,312.534,3.3408000000000004e-07
874,312.724,1.6592e-07
875,312.924,1.504e-07
876,313.125,1.6672e-07
877,313.325,1.024e-07
878,313.527,2.2991999999999998e-07
879,313.724,1.968e-07
880,313.924,2.768e-07
881,314.124,2.3072e-07
882,314.331,1.9664000000000002e-07
883,314.524,1.8384e-07
884,314.725,1.392e-07
885,314.924,2.2576e-07
886,315.129,1.928e-07
887,315.331,1.5376e-07
888,315.528,2.0079999999999997e-07
889,315.724,1.12e-07
890,315.928,2.5231999999999997e-07
891,316.125,2.9136e-07
892,316.328,7.744e-08
893,316.524,1.2255999999999998e-07
894,316.724,1.6e-07
895,316.928,5.4784e-07
896,317.124,2.4128e-07
897,317.329,1.9344000000000002e-07
898,317.528,2.4464e-07
899,317.731,1.7248000000000002e-07
900,317.924,2.1631999999999997e-07
901,318.128,1.3439999999999999e-07
902,318.331,2.2031999999999998e-07
903,318.535,
904,318.725,4.6351999999999996e-07
905,318.924,2.2960000000000002e-07
906,319.125,3.24e-07
907,319.328,4.7583999999999995e-07
908,319.528,1.5248e-07
909,319.724,2.0624000000000003e-07
910,319.928,1.4032e-07
911,320.124,1.6352e-07
912,320.329,8.368e-08
913,320.529,1.1167999999999999e-07
914,320.727,1.7648e-07
915,320.925,1.2624e-07
916,321.129,6.528e-08
917,321.327,2.0656e-07
918,321.53,2.4688e-07
919,321.732,2.1552e-07
920,321.928,1.8896000000000002e-07
921,322.124,1.9024000000000001e-07
922,322.325,2.3664e-07
923,322.527,1.6672e-07
924,322.724,1.2015999999999999e-07
925,322.928,8.704e-08
926,323.126,2.2608e-07
927,323.329,2.8928e-07
928,323.529,4.1888000000000006e-07
929,323.725,1.6896e-07
930,323.925,3.2992e-07
931,324.125,1.008e-07
932,324.328,1.896e-07
933,324.528,2.672e-07
934,324.725,1.9039999999999998e-07
935,324.924,2.8688000000000004e-07
936,325.124,1.1232000000000002e-07
937,325.329,1.3488e-07
938,325.525,1.8128e-07
939,325.728,1.3504000000000002e-07
940,325.926,1.7456e-07
941,326.128,3.9152e-07
942,326.329,1.6496e-07
943,326.525,1.4032e-07
944,326.725,4.0207999999999996e-07
945,326.93,3.0064e-07
946,327.126,1.9039999999999998e-07
947,327.328,4.2863999999999995e-07
948,327.53,2.4448000000000003e-07
949,327.728,1.5664e-07
950,327.93,2.0256e-07
951,328.136,3.1872e-07
952,328.326,2.2111999999999998e-07
953,328.526,3.7648000000000005e-07
954,328.724,2.1471999999999998e-07
955,328.928,1.1776e-07
956,329.127,1.6192e-07
957,329.324,2.5231999999999997e-07
958,329.528,4.4688000000000004e-07
959,329.725,4.3952e-07
960,329.93,1.856e-07
961,330.129,1.576e-07
962,330.325,3.5968000000000005e-07
963,330.528,3.0832e-07
964,330.725,9.808e-08
965,330.927,2.6960000000000003e-07
966,331.125,2.0848000000000002e-07
967,331.324,2.1856e-07
968,331.529,1.8464000000000002e-07
969,331.733,2.8751999999999997e-07
970,331.925,1.1504000000000002e-07
971,332.124,1.3904e-07
972,332.324,1.8384e-07
973,332.526,2.8544e-07
974,332.724,
975,332.929,3.2496e-07
976,333.124,3.0064e-07
977,333.324,1.9568e-07
978,333.53,1.3327999999999999e-07
979,333.728,2.7024e-07
980,333.924,2.0079999999999997e-07
981,334.128,2.1744e-07
982,334.324,4.8784e-07
983,334.531,1.8591999999999999e-07
984,334.726,1.4095999999999999e-07
985,334.924,2.3856e-07
986,335.129,1.9328e-07
987,335.324,2.0336e-07
988,335.524,2.3888000000000003e-07
989,335.726,1.7712e-07
990,335.931,1.2175999999999997e-07
991,336.128,3.5455999999999997e-07
992,336.329,2.16e-07
993,336.525,3.488e-07
994,336.729,1.2224000000000001e-07
995,336.929,2.408e-07
996,337.129,2.8208e-07
997,337.324,4.272e-07
998,337.524,1.3664e-07
999,337.724,2.4528000000000004e-07
1000,337.924,1.9904e-07
1001,338.129,2.4272e-07
1002,338.33,2.1504000000000003e-07
1003,338.526,1.4e-07
1004,338.725,1.1104000000000001e-07
1005,338.925,8.767999999999999e-08
1006,339.125,2.6448e-07
1007,339.324,2.512e-07
1008,339.526,1.6384000000000002e-07
1009,339.724,2.3904e-07
1010,339.928,1.4144e-07
1011,340.124,1.1568e-07
1012,340.328,3.1712e-07
1013,340.524,1.1904000000000001e-07
1014,340.728,1.7600000000000001e-07
1015,340.929,
1016,341.125,2.52e-07
1017,341.324,1.7024000000000002e-07
1018,341.527,1.2144e-07
1019,341.725,3.2016e-07
1020,341.925,1.3568e-07
1021,342.125,1.8032e-07
1022,342.327,1.3632e-07
1023,342.525,2.8896e-07
1024,342.724,2.4832e-07
1025,342.924,1.0192e-07
1026,343.129,2.9088e-07
1027,343.325,1.2672e-07
1028,343.527,1.4575999999999998e-07
1029,343.725,1.68e-07
1030,343.924,4.9952e-07
1031,344.125,2.1088000000000002e-07
1032,344.325,1.3744000000000002e-07
1033,344.525,2.2511999999999997e-07
1034,344.724,1.5104e-07
1035,344.926,3.1056e-07
1036,345.125,1.592e-07
1037,345.329,2.4496e-07
1038,345.525,
1039,345.724,3.1375999999999997e-07
1040,345.924,3.6944e-07
1041,346.124,2.2704e-07
1042,346.328,1.8576000000000002e-07
1043,346.525,9.072000000000001e-08
1044,346.725,2.6928e-07
1045,346.924,3.7904000000000004e-07
1046,347.125,1.9535999999999997e-07
1047,347.326,3.4735999999999996e-07
1048,347.525,2.3872e-07
1049,347.725,1.3472e-07
1050,347.929,2.0608e-07
1051,348.13,3.0624e-07
1052,348.329,1.7968e-07
1053,348.529,1.6288000000000001e-07
1054,348.729,2.4544e-07
1055,348.925,2.8432e-07
1056,349.125,3.728e-07
1057,349.328,1.888e-07
1058,349.526,3.5104e-07
1059,349.725,
1060,349.926,
1061,350.125,
1062,350.327,
1063,350.524,
1064,350.728,
1065,350.929,
1066,351.125,4.5808e-07
1067,351.332,3.4351999999999994e-07
1068,351.53,2.2416000000000002e-07
1069,351.729,1.9504e-07
1070,351.925,3.9792e-07
1071,352.125,2.656e-07
1072,352.326,1.7152000000000002e-07
1073,352.525,2.6991999999999997e-07
1074,352.724,
1075,352.926,2.0784000000000001e-07
1076,353.124,
1077,353.325,2.8176e-07
1078,353.525,3.7232e-07
1079,353.729,1.6512e-07
1080,353.929,1.4512e-07
1081,354.13,2.112e-07
1082,354.329,1.5504000000000002e-07
1083,354.524,4.832e-07
1084,354.727,1.528e-07
1085,354.925,3.0912e-07
1086,355.125,1.888e-07
1087,355.325,2.4928e-07
1088,355.525,2.2592e-07
1089,355.724,2.7600000000000004e-07
1090,355.925,8.464000000000001e-08
1091,356.124,1.8e-07
1092,356.329,1.2656e-07
1093,356.529,3.2704e-07
1094,356.725,2.6191999999999995e-07
1095,356.928,3.0672e-07
1096,357.13,2.0352e-07
1097,357.328,3.9296e-07
1098,357.529,1.9712e-07
1099,357.724,1.3936e-07
1100,357.925,5.5568e-07
1101,358.124,9.168e-08
1102,358.329,2.2944000000000002e-07
1103,358.525,1.6784000000000003e-07
1104,358.725,2.2576e-07
1105,358.924,8.927999999999999e-08
1106,359.125,4.3968000000000003e-07
1107,359.324,1.5199999999999998e-07
1108,359.525,1.192e-07
1109,359.724,3.2128e-07
1110,359.929,1.672e-07
1111,360.124,1.8752e-07
1112,360.325,3.376e-07
1113,360.527,1.5776e-07
1114,360.729,1.0368e-07
1115,360.926,2.9024e-07
1116,361.125,1.2208e-07
1117,361.324,1.6416e-07
1118,361.525,2.4832e-07
1119,361.727,1.3104000000000001e-07
1120,361.925,1.632e-07
1121,362.124,3.3144e-07
1122,362.329,1.6112000000000003e-07
1123,362.525,1.488e-07
1124,362.725,4.3583999999999996e-07
1125,362.928,1.376e-07
1126,363.125,
1127,363.324,4.1696000000000005e-07
1128,363.525,2.0208e-07
1129,363.726,2.5424e-07
1130,363.925,3.4768e-07
1131,364.126,9.376e-08
1132,364.324,1.3744000000000002e-07
1133,364.525,2.0831999999999998e-07
1134,364.725,5.0624e-07
1135,364.928,1e-07
1136,365.125,2.1344e-07
1137,365.325,1.6992e-07
1138,365.524,2.7904e-07
1139,365.725,4.0128e-07
1140,365.929,3.7328e-07
1141,366.125,1.9152e-07
1142,366.324,1.6112000000000003e-07
1143,366.528,1.8672e-07
1144,366.724,2.2928e-07
1145,366.925,2.4528000000000004e-07
1146,367.127,2.088e-07
1147,367.325,1.7776e-07
1148,367.525,2.0976e-07
1149,367.725,2.0991999999999996e-07
1150,367.925,2.608e-07
1151,368.125,1.8800000000000002e-07
1152,368.325,4.2176000000000004e-07
1153,368.528,1.0032e-07
1154,368.729,2.304e-07
1155,368.928,3.816e-07
1156,369.125,3.3376e-07
1157,369.325,2.1584e-07
1158,369.525,2.9936e-07
1159,369.724,1.7408e-07
1160,369.925,9.904e-08
1161,370.125,1.9936e-07
1162,370.325,1.9072e-07
1163,370.525,
1164,370.725,5.32e-07
1165,370.924,4.952e-07
1166,371.132,5.1072e-07
1167,371.324,2.6928e-07
1168,371.525,4.8816e-07
1169,371.724,1.5264000000000002e-07
1170,371.925,1.9712e-07
1171,372.125,2.3168000000000002e-07
1172,372.325,1.0527999999999999e-07
1173,372.525,1.8992e-07
1174,372.725,
1175,372.925,
1176,373.125,
1177,373.324,
1178,373.525,1.816e-07
1179,373.725,3.0048e-07
1180,373.925,2.1808000000000003e-07
1181,374.125,1.8576000000000002e-07
1182,374.325,3.6592e-07
1183,374.525,4.0816e-07
1184,374.724,1.3088e-07
1185,374.925,4.902399999999999e-07
1186,375.125,
1187,375.324,4.7728e-07
1188,375.524,1.5792e-07
1189,375.725,2.0239999999999999e-07
1190,375.925,4.0272e-07
1191,376.125,2.2271999999999997e-07
1192,376.325,1.9152e-07
1193,376.525,1.5215999999999998e-07
1194,376.725,1.8368e-07
1195,376.925,1.7936e-07
1196,377.125,1.9712e-07
1197,377.325,1.3439999999999999e-07
1198,377.525,1.5408e-07
1199,377.724,1.8352e-07
1200,377.928,2.3232e-07
1201,378.13,1.4e-07
1202,378.329,1.6496e-07
1203,378.526,2.2448e-07
1204,378.725,2.3616e-07
1205,378.925,1.7104e-07
1206,379.125,1.616e-07
1207,379.329,1.696e-07
1208,379.529,1.3936e-07
1209,379.725,4.0848e-07
1210,379.924,3.6672e-07
1211,380.125,2.8335999999999996e-07
1212,380.325,5.297600000000001e-07
1213,380.525,1.3904e-07
1214,380.724,5.035199999999999e-07
1215,380.926,1.136e-07
1216,381.124,2.9472e-07
1217,381.328,
1218,381.525,
1219,381.726,2.592e-07
1220,381.925,2.3872e-07
1221,382.125,4.4031999999999996e-07
1222,382.325,4.0912e-07
1223,382.524,2.8576e-07
1224,382.726,1.7344000000000002e-07
1225,382.924,1.5424e-07
1226,383.125,5.849600000000001e-07
1227,383.325,2.4991999999999995e-07
1228,383.525,1.1536e-07
1229,383.725,4.4992e-07
1230,383.924,
1231,384.125,
1232,384.325,4.0159999999999994e-07
1233,384.525,2.4304000000000004e-07
1234,384.724,3.8704e-07
1235,384.925,2.2064e-07
1236,385.125,3.5792e-07
1237,385.325,1.2832e-07
1238,385.524,2.5248e-07
1239,385.725,3.9119999999999996e-07
1240,385.925,1.4767999999999998e-07
1241,386.125,1.4640000000000001e-07
1242,386.324,2.24e-07
1243,386.528,3.7504e-07
1244,386.725,3.2976e-07
1245,386.925,2.48e-07
1246,387.124,
1247,387.325,
1248,387.525,
1249,387.725,5.8192e-07
1250,387.926,3.2288000000000004e-07
1251,388.124,3.9648e-07
1252,388.325,1.6464000000000002e-07
1253,388.524,4.6943999999999995e-07
1254,388.725,
1255,388.925,
1256,389.124,1.1584000000000001e-07
1257,389.325,2.6768e-07
1258,389.526,
1259,389.726,2.6496e-07
1260,389.927,2.7552e-07
1261,390.125,1.528e-07
1262,390.325,4.256e-07
1263,390.524,2.0624000000000003e-07
1264,390.724,
1265,390.925,4.8384e-07
1266,391.125,1.8047999999999999e-07
1267,391.325,5.4704e-07
1268,391.529,3.5472e-07
1269,391.724,1.6672e-07
1270,391.924,5.8208e-07
1271,392.125,1.1439999999999999e-07
1272,392.325,2.4112e-07
1273,392.524,1.7312e-07
1274,392.724,5.865600000000001e-07
1275,392.924,3.6272e-07
1276,393.125,3.6784e-07
1277,393.329,1.7600000000000001e-07
1278,393.528,3.5408e-07
1279,393.725,
1280,393.924,5.3056e-07
1281,394.124,2.7168e-07
1282,394.325,5.6736e-07
1283,394.525,3.1104e-07
1284,394.724,2.0032e-07
1285,394.924,1.4064e-07
1286,395.125,1.6527999999999998e-07
1287,395.325,1.0832e-07
1288,395.525,2.4576e-07
1289,395.725,2.0991999999999996e-07
1290,395.926,6.3456e-07
1291,396.124,4.688e-07
1292,396.325,2.2288e-07
1293,396.525,2.0608e-07
1294,396.724,3.0832e-07
1295,396.925,1.9760000000000002e-07
1296,397.125,1.6384000000000002e-07
1297,397.325,2.0752e-07
1298,397.528,3.9055999999999997e-07
1299,397.725,5.3808e-07
1300,397.925,
1301,398.126,
1302,398.324,
1303,398.525,
1304,398.724,
1305,398.926,1.0992000000000001e-07
1306,399.125,1.7136e-07
1307,399.325,1.7535999999999998e-07
1308,399.525,3.7232e-07
1309,399.725,1.5888e-07
1310,399.925,1.8527999999999998e-07
1311,400.124,3e-07
1312,400.325,3.0672e-07
1313,400.524,3.8384000000000003e-07
1314,400.725,4.976e-07
1315,400.924,1.5104e-07
1316,401.125,3.8880000000000004e-07
1317,401.324,2.7728e-07
1318,401.527,
1319,401.726,
1320,401.925,
1321,402.125,6.0528e-07
1322,402.325,2.048e-07
1323,402.525,3.4704e-07
1324,402.725,2.8128e-07
1325,402.924,2.5760000000000003e-07
1326,403.125,2.1311999999999997e-07
1327,403.324,2.1008000000000004e-07
1328,403.528,3.1872e-07
1329,403.724,2.6271999999999996e-07
1330,403.925,4.4016000000000005e-07
1331,404.125,1.1327999999999999e-07
1332,404.326,2.9088e-07
1333,404.526,
1334,404.725,5.32e-07
1335,404.925,4.8096e-07
1336,405.125,2.8031999999999996e-07
1337,405.325,1.5696e-07
1338,405.525,
1339,405.729,3.5455999999999997e-07
1340,405.925,2.984e-07
1341,406.125,5.3808e-07
1342,406.325,2.3504000000000002e-07
1343,406.525,2.3e-07
1344,406.726,3.8368e-07
1345,406.925,4.9216e-07
1346,407.126,3.7472e-07
1347,407.325,
1348,407.525,
1349,407.725,4.4e-07
1350,407.925,2.4752e-07
1351,408.124,4.0479999999999997e-07
1352,408.326,2.736e-07
1353,408.525,3.1024e-07
1354,408.725,5.1216e-07
1355,408.925,1.7408e-07
1356,409.125,1.9120000000000002e-07
1357,409.325,2.4736e-07
1358,409.525,
1359,409.725,4.3008000000000005e-07
1360,409.925,1.1072000000000001e-07
1361,410.124,3.9216e-07
1362,410.325,
1363,410.524,4.024e-07
1364,410.725,5.662399999999999e-07
1365,410.925,
1366,411.125,
1367,411.325,
1368,411.526,
1369,411.725,
1370,411.924,
1371,412.125,4.1183999999999996e-07
1372,412.325,9.664e-08
1373,412.525,4.3744e-07
1374,412.725,2.5104e-07
1375,412.925,3.5488e-07
1376,413.125,
1377,413.325,
1378,413.525,6.584e-07
1379,413.725,
1380,413.926,
1381,414.125,
1382,414.328,
1383,414.525,
1384,414.725,
1385,414.925,
1386,415.125,
1387,415.326,
1388,415.525,
1389,415.725,
1390,415.925,
1391,416.125,
1392,416.325,
1393,416.526,
1394,416.733,
1395,416.924,
1396,417.125,
1397,417.325,
1398,417.525,
1399,417.726,
1400,417.925,
1401,418.125,
1402,418.325,
1403,418.525,
1404,418.725,
1405,418.925,
1406,419.125,
1407,419.325,
1408,419.525,
1409,419.725,
1410,419.925,7.1248e-07
1411,420.126,
1412,420.325,
1413,420.525,
1414,420.725,
1415,420.925,
1416,421.125,
1417,421.327,
1418,421.525,
1419,421.725,
1420,421.926,
1421,422.125,4.5056000000000003e-07
1422,422.324,3.5168e-07
1423,422.525,4.064e-07
1424,422.725,2.9184e-07
1425,422.924,2.1440000000000001e-07
1426,423.125,5.4496e-07
1427,423.325,1.832e-07
1428,423.525,
1429,423.725,
1430,423.925,
1431,424.125,
1432,424.325,5.604800000000001e-07
1433,424.525,2.2576e-07
1434,424.725,3.144e-07
1435,424.925,3.9920000000000003e-07
1436,425.125,1.8784000000000002e-07
1437,425.325,
1438,425.525,
1439,425.725,
1440,425.925,
1441,426.125,3.632e-07
1442,426.325,5.1648e-07
1443,426.525,2.3776e-07
1444,426.725,5.456e-07
1445,426.925,1.48e-07
1446,427.125,
1447,427.325,1.5575999999999999e-07
1448,427.527,2.3712e-07
1449,427.725,4.329600000000001e-07
1450,427.925,1.8912e-07
1451,428.125,1.1408e-07
1452,428.325,4.3696000000000007e-07
1453,428.525,
1454,428.725,4.992e-07
1455,428.925,1.5072000000000002e-07
1456,429.125,
1457,429.325,5.622399999999999e-07
1458,429.525,1.8399999999999998e-07
1459,429.725,3.3568000000000005e-07
1460,429.924,2.2144000000000003e-07
1461,430.124,4.4431999999999994e-07
1462,430.325,
1463,430.525,
1464,430.725,
1465,430.925,
1466,431.125,
1467,431.325,5.375999999999999e-07
1468,431.525,
1469,431.725,
1470,431.925,
1471,432.125,
1472,432.325,4.5119999999999996e-07
1473,432.525,
1474,432.725,
1475,432.925,4.3328e-07
1476,433.125,4.0976000000000004e-07
1477,433.325,
1478,433.53,
1479,433.725,
1480,433.925,
1481,434.124,
1482,434.325,4.6431999999999996e-07
1483,434.525,2.4896000000000003e-07
1484,434.725,2.0448000000000002e-07
1485,434.925,3.1552e-07
1486,435.125,
1487,435.325,2.464e-07
1488,435.525,2.4448000000000003e-07
1489,435.725,3.256e-07
1490,435.925,3.056e-07
1491,436.124,1.44e-07
1492,436.325,2.3632e-07
1493,436.528,
1494,436.725,6.185600000000001e-07
1495,436.925,2.9552e-07
1496,437.125,3.3472e-07
1497,437.325,1.8224e-07
1498,437.525,2.8111999999999997e-07
1499,437.725,3.3744e-07
1500,437.925,3.3568000000000005e-07
1501,438.125,4.3983999999999995e-07
1502,438.325,
1503,438.526,
1504,438.725,3.3552e-07
1505,438.927,4.5711999999999995e-07
1506,439.125,2.4464e-07
1507,439.324,1.952e-07
1508,439.525,4.8944e-07
1509,439.725,4.664e-07
1510,439.925,
1511,440.125,4.7648000000000004e-07
1512,440.325,5.0816e-07
1513,440.525,
1514,440.725,
1515,440.925,
1516,441.125,
1517,441.325,
1518,441.534,
1519,441.724,
1520,441.925,
1521,442.124,
1522,442.326,
1523,442.524,
1524,442.726,
1525,442.927,
1526,443.125,
1527,443.325,
1528,443.525,
1529,443.726,
1530,443.925,3.0576e-07
1531,444.125,5.8944e-07
1532,444.325,
1533,444.526,2.0991999999999996e-07
1534,444.725,
1535,444.925,
1536,445.125,
1537,445.325,
1538,445.525,3.1760000000000004e-07
1539,445.725,
1540,445.929,
1541,446.128,1.7552e-07
1542,446.325,
1543,446.526,
1544,446.725,
1545,446.925,
1546,447.125,
1547,447.326,
1548,447.525,
1549,447.724,
1550,447.925,
1551,448.125,
1552,448.325,
1553,448.525,
1554,448.733,
1555,448.925,
1556,449.127,
1557,449.325,
1558,449.525,
1559,449.726,
1560,449.925,
1561,450.126,
1562,450.325,
1563,450.525,
1564,450.725,3.8719999999999997e-07
1565,450.925,2.3024e-07
1566,451.126,
1567,451.327,5.7696e-07
1568,451.525,3.2224000000000006e-07
1569,451.725,
1570,451.925,
1571,452.126,
1572,452.326,
1573,452.525,
1574,452.725,
1575,452.925,
1576,453.125,1.9904e-07
1577,453.325,
1578,453.525,
1579,453.725,1.9359999999999999e-07
1580,453.926,4.4992e-07
1581,454.128,1.6864e-07
1582,454.325,2.2304000000000002e-07
1583,454.525,4.0624e-07
1584,454.725,4.1088e-07
1585,454.925,1.8464000000000002e-07
1586,455.125,2.6064e-07
1587,455.325,
1588,455.525,
1589,455.725,3.1728e-07
1590,455.926,
1591,456.124,
1592,456.327,
1593,456.525,
1594,456.724,
1595,456.93,
1596,457.125,
1597,457.325,
1598,457.525,
1599,457.727,
1600,457.925,2.9088e-07
1601,458.125,3.8944e-07
1602,458.325,3.7952e-07
1603,458.526,4.896e-07
1604,458.725,2.0112000000000002e-07
1605,458.925,1.4895999999999998e-07
1606,459.13,2.8864e-07
1607,459.325,2.3904e-07
1608,459.528,
1609,459.725,
1610,459.925,
1611,460.126,
1612,460.325,5.0624e-07
1613,460.525,
1614,460.725,
1615,460.925,
1616,461.125,
1617,461.325,
1618,461.524,
1619,461.725,
1620,461.925,
1621,462.125,
1622,462.324,
1623,462.525,
1624,462.725,
1625,462.925,
1626,463.125,
1627,463.325,
1628,463.524,5.224000000000001e-07
1629,463.725,2.1184000000000002e-07
1630,463.924,2.1504000000000003e-07
1631,464.125,2.448e-07
1632,464.329,
1633,464.525,
1634,464.725,6.4592e-07
1635,464.925,3.6463999999999996e-07
1636,465.125,5.2864e-07
1637,465.325,
1638,465.525,3.1984000000000004e-07
1639,465.725,3.632e-07
1640,465.925,3.4544000000000005e-07
1641,466.125,3.6799999999999996e-07
1642,466.325,
1643,466.525,
1644,466.725,9.616e-08
1645,466.924,4.3328e-07
1646,467.125,3.8016e-07
1647,467.325,3.144e-07
1648,467.526,4.128e-07
1649,467.724,
1650,467.934,5.2928e-07
1651,468.124,3.9776e-07
1652,468.325,3.544e-07
1653,468.524,2.5984000000000003e-07
1654,468.726,1.7696e-07
1655,468.928,2.5039999999999997e-07
1656,469.125,2.8896e-07
1657,469.325,
1658,469.526,2.7136e-07
1659,469.725,1.6288000000000001e-07
1660,469.925,
1661,470.125,
1662,470.326,
1663,470.525,
1664,470.725,
1665,470.925,
1666,471.126,
1667,471.326,5.1072e-07
1668,471.525,
1669,471.727,
1670,471.926,
1671,472.131,
1672,472.326,4.2271999999999996e-07
1673,472.525,
1674,472.725,
1675,472.926,
1676,473.126,2.8671999999999996e-07
1677,473.325,1.3056e-07
1678,473.525,4.0479999999999997e-07
1679,473.725,
1680,473.925,3.1712e-07
1681,474.125,3.2176000000000004e-07
1682,474.324,1.0495999999999998e-07
1683,474.525,
1684,474.725,3.0144000000000003e-07
1685,474.925,
1686,475.126,
1687,475.325,3.104e-07
1688,475.525,
1689,475.725,
1690,475.925,
1691,476.125,
1692,476.326,5.017600000000001e-07
1693,476.525,
1694,476.725,
1695,476.926,
1696,477.125,
1697,477.326,
1698,477.525,
1699,477.727,
1700,477.925,
1701,478.125,
1702,478.325,
1703,478.525,
1704,478.725,
1705,478.926,
1706,479.125,
1707,479.325,
1708,479.525,
1709,479.729,
1710,479.925,
1711,480.124,
1712,480.325,
1713,480.525,
1714,480.725,
1715,480.925,
1716,481.125,
1717,481.325,
1718,481.525,
1719,481.725,
1720,481.924,
1721,482.125,
1722,482.326,
1723,482.525,
1724,482.725,
1725,482.925,
1726,483.125,
1727,483.326,
1728,483.525,
1729,483.728,
1730,483.924,
1731,484.125,
1732,484.325,
1733,484.525,
1734,484.724,
1735,484.926,
1736,485.125,
1737,485.326,
1738,485.526,
1739,485.725,
1740,485.925,
1741,486.125,
1742,486.325,
1743,486.53,
1744,486.725,
1745,486.925,
1746,487.125,
1747,487.325,
1748,487.525,
1749,487.725,
1750,487.925,
1751,488.125,
1752,488.326,
1753,488.525,
1754,488.728,
1755,488.925,
1756,489.125,
1757,489.325,
1758,489.525,
1759,489.725,
1760,489.926,
1761,490.125,
1762,490.326,
1763,490.525,
1764,490.725,
1765,490.925,
1766,491.125,
1767,491.325,
1768,491.525,
1769,491.725,
1770,491.925,
