,Elapsed_Time,Data
0,0.0,0.0026626506936700003
1,0.183,0.00236198804533
2,0.377,0.00208335789558
3,0.577,0.0033088411895799996
4,0.777,0.004043534497869999
5,0.983,0.00251316065454
6,1.184,0.00414415195908
7,1.377,0.00232923878592
8,1.578,0.00237497894625
9,1.778,0.0026990347121
10,1.983,0.005156248071600001
11,2.177,0.00207494515708
12,2.378,0.00431874630821
13,2.578,0.00574267325775
14,2.778,0.0031156950743300004
15,2.982,0.00280942112842
16,3.177,0.00208347628983
17,3.378,0.00450852032392
18,3.577,0.0030134679369
19,3.777,0.00237091567854
20,3.981,0.00479172873983
21,4.177,0.00306788715558
22,4.378,0.00706440736075
23,4.58,0.00593357376744
24,4.778,0.0063383692897700005
25,4.98,0.007301714452169999
26,5.178,0.0067073932655
27,5.378,0.00652141647058
28,5.577,0.007990985309040001
29,5.777,0.00646708359994
30,5.982,0.007301640839579999
31,6.177,0.0063857235089
32,6.377,0.0067681539339
33,6.577,0.0077810885257899995
34,6.777,0.00813881389525
35,6.979,0.00636621158417
36,7.177,0.00846883364967
37,7.377,0.00884790639083
38,7.577,0.00892866251669
39,7.778,0.009850442721
40,7.982,0.00972660046781
41,8.177,0.00986592191583
42,8.377,0.010880499004200002
43,8.577,0.009771459492959999
44,8.777,0.010016126307200002
45,8.978,0.009892763518629999
46,9.177,0.00865223385585
47,9.378,0.00980025797208
48,9.578,0.00937995675017
49,9.777,0.0100656698368
50,9.982,0.009463148584
51,10.178,0.00980927577454
52,10.377,0.009787243369419999
53,10.578,0.008456530794
54,10.778,0.009109321419350001
55,10.978,0.009920601271290002
56,11.177,0.0107523064853
57,11.377,0.00911054993492
58,11.578,0.0104357337084
59,11.778,0.0112519115549
60,11.982,0.0105899595819
61,12.177,0.011083507950200001
62,12.377,0.0112700774035
63,12.577,0.00983301133408
64,12.778,0.011836235393399999
65,12.978,0.010813749742399998
66,13.179,0.00996439612356
67,13.377,0.0108745066224
68,13.578,0.0096491046595
69,13.777,0.0106082805848
70,13.978,0.0106397531396
71,14.178,0.009818896179
72,14.377,0.010233773401299998
73,14.578,0.0112155737063
74,14.778,0.0095822915174
75,14.984,0.00987334091817
76,15.177,0.0113678514059
77,15.377,0.011131947748700001
78,15.577,0.0116178685423
79,15.782,0.0108802080378
80,15.981,0.011430512290299998
81,16.177,0.011012296644600001
82,16.377,0.0113562080586
83,16.578,0.0110690689333
84,16.777,0.0108564734372
85,16.981,0.011020385227299999
86,17.177,0.0122609044728
87,17.378,0.0126500316229
88,17.578,0.011310202462299999
89,17.781,0.0108766246775
90,17.987,0.0105030687889
91,18.178,0.0118198548502
92,18.379,0.011373472530100001
93,18.577,0.0123239218352
94,18.777,0.010420789937500001
95,18.982,0.011374862353100002
96,19.177,0.010950960368700002
97,19.377,0.012616728979400001
98,19.577,0.0114602762448
99,19.777,0.010197395572000001
100,19.992,0.012103181646
101,20.178,0.0122296488736
102,20.378,0.010640173799299999
103,20.577,0.0119548008904
104,20.788,0.0132700094095
105,20.98,0.011589022634199999
106,21.177,0.011499380389399998
107,21.378,0.0117689318609
108,21.577,0.012100605446299999
109,21.778,0.011502972808299998
110,21.983,0.0125861346288
111,22.177,0.011481227561999999
112,22.377,0.0114115481542
113,22.578,0.013323864763799998
114,22.777,0.0120014865926
115,22.983,0.0140794358219
116,23.177,0.0118310306602
117,23.377,0.011135771218000001
118,23.579,0.0128253526122
119,23.778,0.0135953629976
120,23.982,0.0127834569081
121,24.177,0.010941958363700002
122,24.377,0.0125260620508
123,24.577,0.0133969700829
124,24.777,0.0130691640602
125,24.977,0.012278083522399999
126,25.178,0.0131680712109
127,25.377,0.0124970559163
128,25.577,0.0127476728275
129,25.778,0.011757116840500001
130,25.977,0.01305152635
131,26.179,0.013421110819000001
132,26.377,0.0132692431111
133,26.577,0.0127736224866
134,26.777,0.0108346992024
135,26.985,0.013252149466899999
136,27.177,0.0117360083893
137,27.377,0.0138971147253
138,27.583,0.012463387723700002
139,27.777,0.0133388026161
140,27.982,0.0131075331298
141,28.176,0.013781568217
142,28.377,0.0136738475623
143,28.578,0.0117898706406
144,28.779,0.0129321509598
145,28.99,0.014777443458399998
146,29.182,0.0137871191163
147,29.378,0.0142493480229
148,29.58,0.013410369464200001
149,29.778,0.011734766861399999
150,29.978,0.0138428782295
151,30.177,0.0122687223303
152,30.377,0.0132523075923
153,30.578,0.013618168568299999
154,30.781,0.0135250068457
155,30.977,0.0126421543328
156,31.177,0.0119080917303
157,31.379,0.015416491377299998
158,31.577,0.012769922920000001
159,31.778,0.0137612384788
160,31.981,0.013517253607100002
161,32.178,0.00908280921067
162,32.377,0.0134353354708
163,32.577,0.00955705119575
164,32.777,0.014927299620399999
165,32.977,0.012759775307799998
166,33.178,0.0130651546416
167,33.378,0.0134167347731
168,33.577,0.0119902565047
169,33.777,0.0134938272698
170,33.981,0.0152934508947
171,34.177,0.014356072208
172,34.377,0.013980281745899999
173,34.577,0.013521025215399999
174,34.785,0.014595127101200003
175,34.982,0.0132493291582
176,35.177,0.013259587506299998
177,35.386,0.0138801770071
178,35.582,0.0145788705266
179,35.778,0.0121715031742
180,35.982,0.0139130816442
181,36.178,0.0136213138039
182,36.377,0.014704499279
183,36.579,0.0136356086409
184,36.778,0.0134079703896
185,36.985,0.0117781671843
186,37.177,0.013612044234700001
187,37.377,0.014087139173600001
188,37.578,0.0139508805779
189,37.778,0.013788620411200003
190,37.978,0.014208177851700001
191,38.178,0.0135923896431
192,38.377,0.0154440115208
193,38.577,0.01485156166
194,38.778,0.0120648170687
195,38.978,0.015409221756799998
196,39.178,0.014897482209700002
197,39.377,0.014853845569500002
198,39.577,0.0149413129635
199,39.777,0.0121001496446
200,39.978,0.0150289007133
201,40.179,0.012831845881799999
202,40.377,0.012656317852100002
203,40.578,0.012859858113500001
204,40.778,0.0135176496787
205,40.977,0.013088124998500001
206,41.182,0.014183553613299999
207,41.377,0.014666192957500001
208,41.577,0.014950716971700001
209,41.779,0.0140264325358
210,41.977,0.015407007353399999
211,42.177,0.014201437064399998
212,42.378,0.0136818418896
213,42.577,0.0150155033815
214,42.778,0.014911863959299998
215,42.978,0.013565064690100001
216,43.18,0.014131064274899999
217,43.377,0.0135806879023
218,43.577,0.014810413699799999
219,43.778,0.0156010474979
220,43.978,0.012888495359799999
221,44.178,0.014388147248799998
222,44.379,0.014035120278200001
223,44.577,0.0148410728987
224,44.777,0.0140295175471
225,44.977,0.0156194887687
226,45.178,0.0149648553251
227,45.378,0.0138143952098
228,45.578,0.0143674187115
229,45.78,0.0142958077388
230,45.982,0.014796781410999998
231,46.178,0.011859292067100001
232,46.377,0.014083726145
233,46.577,0.0145967092201
234,46.778,0.0153219379298
235,46.978,0.015543817847799998
236,47.182,0.0148211253007
237,47.385,0.0146830262528
238,47.577,0.0156000152226
239,47.778,0.013045595806200001
240,47.977,0.013937466484700001
241,48.178,0.015073849612
242,48.378,0.0145396892263
243,48.577,0.0143264875169
244,48.777,0.014805947672700001
245,48.988,0.0135927348038
246,49.177,0.0149551490182
247,49.377,0.0132428740508
248,49.579,0.0141971996597
249,49.777,0.0155382405901
250,49.977,0.0143199098233
251,50.182,0.0117002484603
252,50.378,0.015660798441700003
253,50.578,0.015077554021999999
254,50.777,0.0143320932109
255,50.978,0.0138384558082
256,51.177,0.014161283725700002
257,51.377,0.0135055357956
258,51.577,0.0155964918117
259,51.777,0.0139545639569
260,51.978,0.0142892809568
261,52.179,0.013002395372799997
262,52.377,0.014384308337399999
263,52.577,0.0120883541441
264,52.778,0.014663058223600001
265,52.977,0.015204152204200001
266,53.177,0.0139627983691
267,53.378,0.0139068223937
268,53.579,0.012094356334799999
269,53.777,0.0154385472288
270,53.978,0.0111802526202
271,54.177,0.0145262722859
272,54.378,0.014001652448200001
273,54.579,0.014603508543700001
274,54.778,0.014566960187099999
275,54.977,0.0149506729203
276,55.177,0.0148349670608
277,55.378,0.0151051650762
278,55.577,0.0149024516826
279,55.777,0.014157309697499999
280,55.977,0.0135917726905
281,56.177,0.0147804704639
282,56.377,0.0148378045832
283,56.577,0.0151220572396
284,56.778,0.0146896723159
285,56.978,0.0147779086166
286,57.177,0.014368579371799998
287,57.378,0.0155053713716
288,57.577,0.014068536795000001
289,57.781,0.0157907629506
290,57.984,0.0147167989849
291,58.177,0.014760645761700001
292,58.377,0.015376183433
293,58.577,0.0148131773635
294,58.778,0.0143124488586
295,58.978,0.015019838018799999
296,59.178,0.0155028639026
297,59.377,0.014349721408200001
298,59.577,0.0146217843303
299,59.777,0.0138614977663
300,59.981,0.014611781487399998
301,60.178,0.013751877983600001
302,60.378,0.014795224553700002
303,60.581,0.015175507256200002
304,60.777,0.0153551622189
305,60.982,0.0153037082382
306,61.177,0.0128931663393
307,61.377,0.015169897013700001
308,61.578,0.014738777551799998
309,61.778,0.0138912296922
310,61.978,0.0146061530715
311,62.178,0.0139826996029
312,62.377,0.0144977188018
313,62.578,0.013288351909700001
314,62.777,0.0153547614258
315,62.977,0.0144743758973
316,63.178,0.014299559517000002
317,63.378,0.015461815455
318,63.578,0.0130749065827
319,63.777,0.0139728172288
320,63.982,0.0144750048857
321,64.177,0.0143790500691
322,64.378,0.0139316818801
323,64.578,0.014732918163799999
324,64.778,0.015098584944200001
325,64.977,0.014261896997499999
326,65.183,0.014844561173700001
327,65.378,0.0140347050636
328,65.577,0.015003321614
329,65.777,0.014268051520200001
330,65.979,0.014476994759799999
331,66.178,0.014335767849999998
332,66.377,0.014030176812
333,66.58,0.0146507194497
334,66.777,0.013821611697499998
335,66.982,0.0147039107407
336,67.177,0.015516743330899998
337,67.377,0.014177631013799999
338,67.577,0.0135981116434
339,67.779,0.015226222477
340,67.979,0.0142188149435
341,68.181,0.015034081865999999
342,68.381,0.0148495356083
343,68.577,0.013650646665799999
344,68.777,0.0125959727434
345,68.988,0.013439519533799998
346,69.178,0.012956341189899998
347,69.377,0.015010019530799999
348,69.577,0.0128766148759
349,69.784,0.0135567351157
350,69.982,0.0135754890901
351,70.177,0.0139583592127
352,70.378,0.014473767678799999
353,70.578,0.0137138408009
354,70.778,0.014464342034
355,70.983,0.014570952391899998
356,71.177,0.0141105259182
357,71.377,0.0141668367353
358,71.577,0.0140152753064
359,71.778,0.0117798053817
360,71.982,0.014808598174700002
361,72.181,0.0136218800798
362,72.377,0.0133374265122
363,72.578,0.014980881049500001
364,72.777,0.01410719877
365,72.981,0.0141800369762
366,73.177,0.0138919676027
367,73.377,0.0129683165362
368,73.577,0.013925892302700001
369,73.777,0.0132848661644
370,73.977,0.0144708003646
371,74.178,0.014759871181
372,74.378,0.0150034306076
373,74.578,0.0125815888604
374,74.778,0.013567763962900001
375,74.978,0.0129854270193
376,75.177,0.0139129980121
377,75.378,0.012526069280499999
378,75.579,0.0151293969197
379,75.778,0.014777004734
380,75.981,0.014656840247200001
381,76.177,0.0134580203272
382,76.378,0.0130884346853
383,76.577,0.0148868770218
384,76.777,0.0152407894769
385,76.978,0.0150706876719
386,77.178,0.013602030459399998
387,77.377,0.0145134032146
388,77.579,0.0143026051621
389,77.783,0.013524099782200002
390,77.977,0.014648819427799999
391,78.178,0.0142022229012
392,78.381,0.0138082666954
393,78.579,0.0142776495525
394,78.777,0.0139389018028
395,78.99,0.0114772993478
396,79.178,0.013616679109200001
397,79.376,0.0128581731397
398,79.577,0.010986816693
399,79.778,0.0134835987607
400,79.978,0.0134375675614
401,80.177,0.00978676796033
402,80.377,0.0137298620467
403,80.578,0.014573348048499999
404,80.779,0.0157991971886
405,80.98,0.0133126675734
406,81.182,0.0124508842714
407,81.378,0.0115804338279
408,81.578,0.0130643147379
409,81.777,0.0115279260826
410,81.978,0.012291351306200002
411,82.178,0.014431376077199999
412,82.377,0.0136997795846
413,82.577,0.013799497116100002
414,82.78,0.014583190058500001
415,82.99,0.0133175099592
416,83.178,0.013868339631199999
417,83.379,0.0139372416802
418,83.578,0.014031304079200002
419,83.777,0.012559504164200002
420,83.983,0.012046307898699999
421,84.178,0.0140044454681
422,84.378,0.012739256437799999
423,84.577,0.0124014577437
424,84.782,0.0137308988145
425,84.987,0.0131119704905
426,85.177,0.014065170323700001
427,85.377,0.0130008258614
428,85.577,0.013257992391700002
429,85.778,0.0138826553663
430,85.984,0.014502332434399998
431,86.178,0.013745801817
432,86.377,0.0137261213739
433,86.577,0.011769526794799999
434,86.777,0.013807387285200002
435,86.978,0.012454573707
436,87.179,0.0127582892854
437,87.377,0.0152542971326
438,87.578,0.0136783670414
439,87.778,0.0108109946251
440,87.978,0.009819448677870001
441,88.178,0.014390971135200001
442,88.377,0.0123596016514
443,88.579,0.012691092385400001
444,88.778,0.0131440783681
445,88.977,0.0127305035211
446,89.178,0.012487373983200002
447,89.378,0.013390372826
448,89.577,0.0135608246854
449,89.778,0.013377330615
450,89.98,0.014603778325200002
451,90.177,0.014330683694799999
452,90.378,0.0136984483253
453,90.577,0.014871432472800001
454,90.781,0.013897155773200002
455,90.978,0.013210905529
456,91.178,0.011017780932499999
457,91.377,0.00798530476654
458,91.578,0.013919523293099999
459,91.78,0.0140495560669
460,91.987,0.00993694437169
461,92.178,0.014832722064399999
462,92.377,0.013484856460200001
463,92.578,0.013341382424600002
464,92.778,0.0146154543705
465,92.99,0.0121070965838
466,93.181,0.013121742682700001
467,93.378,0.0123265665955
468,93.577,0.0129366499335
469,93.784,0.013647499895
470,93.981,0.013704470437100002
471,94.177,0.0141044553747
472,94.377,0.013083105467
473,94.578,0.0145031995047
474,94.778,0.012708791905200002
475,94.984,0.008854219781709999
476,95.178,0.012312290752600001
477,95.377,0.0138401954247
478,95.578,0.012178246967799998
479,95.778,0.0124572319963
480,95.978,0.014495736691299999
481,96.178,0.0119847729031
482,96.378,0.0119627397434
483,96.577,0.01375056119
484,96.781,0.0103509245724
485,96.984,0.0136099487285
486,97.177,0.007536675137
487,97.378,0.014072287391700002
488,97.578,0.011229956121399999
489,97.778,0.0127260300661
490,97.978,0.0144785577296
491,98.178,0.013106358040200002
492,98.377,0.013858262083900001
493,98.578,0.007892386032829999
494,98.779,0.0130175684713
495,98.98,0.013909667406200001
496,99.178,0.012901722139299998
497,99.377,0.008067507782460001
498,99.582,0.012215739833500001
499,99.778,0.0119255611383
500,99.983,0.0102755286762
501,100.178,0.0140203915716
502,100.378,0.01352521138
503,100.578,0.014024342390000001
504,100.783,0.010871432608100001
505,100.985,0.011661104849200002
506,101.187,0.0100747064825
507,101.379,0.0137252849545
508,101.579,0.0103143861351
509,101.778,0.0096911993165
510,101.978,0.0138530419811
511,102.178,0.014352833573900001
512,102.384,0.014220079609100001
513,102.577,0.011602627764700002
514,102.778,0.007035910344539999
515,102.977,0.0140806338467
516,103.18,0.010679805556299998
517,103.378,0.013965125015499999
518,103.581,0.0122461817927
519,103.777,0.00546947947875
520,103.982,0.0134884341869
521,104.184,0.00755129103275
522,104.378,0.011134702719600001
523,104.577,0.013039401471500001
524,104.777,0.0133083078326
525,104.982,0.0125734099073
526,105.178,0.0123764690616
527,105.377,0.0110184211369
528,105.577,0.011776880967299999
529,105.777,0.0103851773159
530,105.985,0.0144031793628
531,106.178,0.0142051200114
532,106.377,0.00800047356217
533,106.581,0.011173817000799998
534,106.779,0.0123597581101
535,106.977,0.00790657528062
536,107.177,0.0111836068377
537,107.379,0.013269030448100001
538,107.577,0.012676911880399998
539,107.777,0.0131227691479
540,107.98,0.0140171425962
541,108.18,0.012681124759899999
542,108.381,0.010226276383299999
543,108.578,0.013206438544100002
544,108.784,0.011408314822200002
545,108.981,0.013160716195799999
546,109.177,0.011971755984100002
547,109.378,0.0120830051915
548,109.577,0.013977285401700002
549,109.778,0.0125470272174
550,109.979,0.0134977831888
551,110.178,0.0116229857545
552,110.378,0.0142849673114
553,110.577,0.0119577064619
554,110.781,0.0122179452077
555,110.979,0.0105220323834
556,111.178,0.00506260155123
557,111.383,0.0134643189784
558,111.578,0.010791484438499999
559,111.777,0.0136492617332
560,111.988,0.0120508760137
561,112.177,0.0137621219295
562,112.378,0.0126312218214
563,112.578,0.0120676774583
564,112.778,0.00508395586571
565,112.98,0.00713174715327
566,113.18,0.013390842477200002
567,113.378,0.0136917994425
568,113.578,0.012632111809100002
569,113.782,0.0128323415958
570,113.978,0.0109293414882
571,114.177,0.00568970991702
572,114.378,0.009998192262000001
573,114.582,0.00719130961442
574,114.778,0.00544498793725
575,114.979,0.0119082279607
576,115.178,0.00995158932817
577,115.378,0.0135305658916
578,115.578,0.010038918253
579,115.777,0.00493337293492
580,115.978,0.012317178238899999
581,116.178,0.00969092330775
582,116.38,0.009411315698829999
583,116.584,0.0054215675025
584,116.778,0.008510464293
585,116.984,0.00470643083317
586,117.179,0.011977165614
587,117.377,0.0055961459087700005
588,117.578,0.0100324169939
589,117.782,0.005307269397399999
590,117.978,0.0099779999635
591,118.178,0.013103086404500001
592,118.381,0.00855893352881
593,118.577,0.0132093476801
594,118.781,0.00548052538817
595,118.98,0.013877334792200002
596,119.184,0.0100993894771
597,119.378,0.0123926825272
598,119.577,0.00912497668323
599,119.779,0.0102126414388
600,119.977,0.013327157267799998
601,120.177,0.0136409220703
602,120.378,0.011226857000500001
603,120.578,0.004955071155
604,120.78,0.0119086865393
605,120.978,0.00665088217098
606,121.178,0.0110194188334
607,121.377,0.012239068629999999
608,121.578,0.0091753742561
609,121.779,0.0121599952798
610,121.979,0.00897969680467
611,122.177,0.00561162375242
612,122.379,0.0128909175838
613,122.577,0.0130725519839
614,122.778,0.00565587568258
615,122.978,0.0091951344475
616,123.178,0.0137637282755
617,123.377,0.00742460237958
618,123.577,0.00698320457242
619,123.777,0.010479978030600001
620,123.98,0.0086181009295
621,124.178,0.011425707554799998
622,124.377,0.012940641898
623,124.577,0.0109100236361
624,124.778,0.00882570964917
625,124.983,0.011430694018700002
626,125.177,0.0136928440115
627,125.379,0.009912423992
628,125.578,0.00436292673133
629,125.777,0.0131355186931
630,125.978,0.00546951006958
631,126.177,0.00505686744367
632,126.378,0.0135187225814
633,126.579,0.011233887902500002
634,126.777,0.0049622386445
635,126.99,0.0127229663561
636,127.178,0.0133074518812
637,127.378,0.0031175173790599997
638,127.579,0.010698053667
639,127.777,0.00999185116567
640,127.978,0.00982538798985
641,128.177,0.009577106727520001
642,128.378,0.00385047059792
643,128.579,0.011567431451700002
644,128.778,0.0118104565138
645,128.978,0.010704979539099999
646,129.184,0.01290146601
647,129.378,0.0118301856696
648,129.582,0.00685102379767
649,129.778,0.011759201131
650,129.978,0.0133519180284
651,130.178,0.00580304533385
652,130.377,0.0113969480728
653,130.578,0.00476223960892
654,130.777,0.010416996751200001
655,130.977,0.0100200686394
656,131.177,0.00448027451944
657,131.378,0.013138817861299999
658,131.584,0.0077500026595
659,131.785,0.0117780782474
660,131.978,0.00818804382933
661,132.179,0.00415690481281
662,132.381,0.008083018797170001
663,132.578,0.0130370958672
664,132.784,0.012631985005099999
665,132.982,0.00971828731717
666,133.178,0.0037271735830799995
667,133.378,0.0127485525907
668,133.578,0.0118228205362
669,133.778,0.0132404672172
670,133.982,0.011096992407599999
671,134.178,0.0029592103601700005
672,134.38,0.009806129277
673,134.577,0.009153083072920001
674,134.778,0.012375549537
675,134.988,0.00660184925883
676,135.181,0.006875877116
677,135.38,0.0049456422373299995
678,135.579,0.008625923887999999
679,135.777,0.012224619776700002
680,135.995,0.0129112016234
681,136.177,0.013224626756
682,136.377,0.0046196984610000005
683,136.578,0.00305218192033
684,136.779,0.0051875332829999996
685,136.978,0.010360323583799999
686,137.181,0.003997292284
687,137.377,0.00974581752762
688,137.578,0.0125095605808
689,137.778,0.0130337949201
690,137.979,0.00542386370992
691,138.178,0.011988644205399999
692,138.378,0.0055410893986300004
693,138.577,0.0102240456606
694,138.778,0.00711340175225
695,138.978,0.0026687005550000004
696,139.178,0.008358797916
697,139.378,0.00381615548708
698,139.583,0.0131631399669
699,139.777,0.00794798396238
700,139.978,0.0112173666888
701,140.178,0.0102565629055
702,140.378,0.0123474299092
703,140.579,0.00238091089625
704,140.778,0.00886375483383
705,140.98,0.0053380044176700005
706,141.178,0.0109972497392
707,141.377,0.0116090481586
708,141.578,0.004934677660810001
709,141.778,0.00467688981854
710,141.981,0.00484690286117
711,142.177,0.004875264780810001
712,142.378,0.00647527777767
713,142.579,0.0033185824567500003
714,142.778,0.005884433295830001
715,142.978,0.0056304586274999995
716,143.183,0.00501698104363
717,143.378,0.00703838245967
718,143.58,0.013341179085600001
719,143.782,0.0114275356147
720,143.988,0.010622816743999999
721,144.178,0.00512060336804
722,144.378,0.012354200804299999
723,144.577,0.00147024491917
724,144.778,0.003777107888
725,144.982,0.00699151435806
726,145.178,0.013326920663999998
727,145.378,0.0104448616267
728,145.578,0.0106080516821
729,145.779,0.00265053238883
730,145.978,0.011215889928899998
731,146.178,0.010961644937799999
732,146.378,0.00799141264
733,146.577,0.011305738313
734,146.778,0.011956190594299998
735,146.978,0.006633554875369999
736,147.178,0.0120982263035
737,147.378,0.004959178424100001
738,147.578,0.0052419356099600006
739,147.778,0.0107176278773
740,147.978,0.012248100736400001
741,148.178,0.0038843050715
742,148.379,0.0098847909269
743,148.578,0.012517911567500001
744,148.782,0.013032203583899999
745,148.986,0.00687376218719
746,149.18,0.00360242398237
747,149.378,0.00346296848869
748,149.579,0.0032828590045
749,149.777,0.00507206870467
750,149.98,0.0104178357464
751,150.178,0.00379166314
752,150.382,0.00351308997387
753,150.584,0.0109847149092
754,150.779,0.010989068206499999
755,150.979,0.011199863677
756,151.178,0.0120271778174
757,151.378,0.010729247392
758,151.581,0.0085851907256
759,151.777,0.00399247786602
760,151.978,0.00384918971123
761,152.184,0.0047223189308299995
762,152.378,0.00530257077283
763,152.577,0.00530815570267
764,152.778,0.0122609895318
765,152.978,0.010549640163200001
766,153.178,0.011708541787000001
767,153.378,0.011502268429799999
768,153.579,0.0113618843662
769,153.778,0.0039061419151700002
770,153.978,0.00258751898392
771,154.179,0.0044382500475
772,154.378,0.00541656343033
773,154.577,0.00303221018017
774,154.778,0.00504050771267
775,154.979,0.011441817483700002
776,155.177,0.00783551669817
777,155.378,0.012073215360099998
778,155.578,0.012300845904899998
779,155.778,0.004420893846289999
780,155.978,0.0049513816913300005
781,156.183,0.0073746208684999995
782,156.378,0.012026505263200002
783,156.579,0.00464305335069
784,156.778,0.00502209006715
785,156.978,0.00484993589917
786,157.182,0.011893363793
787,157.378,0.0115747468402
788,157.578,0.00805817478483
789,157.778,0.0111210224899
790,157.978,0.00877601469767
791,158.177,0.00764751113144
792,158.378,0.011580955544200001
793,158.579,0.00496290875158
794,158.779,0.003565603933
795,158.981,0.0066212714867499994
796,159.178,0.0120646446474
797,159.378,0.010553905375099999
798,159.583,0.004353768187600001
799,159.778,0.0118188517844
800,159.978,0.00479042003125
801,160.177,0.00887417290808
802,160.377,0.00474642109583
803,160.584,0.00842425938321
804,160.778,0.011238906424799999
805,160.978,0.004852096905350001
806,161.178,0.0104323654241
807,161.379,0.00431111970783
808,161.578,0.00653342207117
809,161.777,0.00454938094871
810,161.978,0.0106967597092
811,162.178,0.00441838218308
812,162.377,0.00410237802025
813,162.577,0.00438570073292
814,162.783,0.00419535421325
815,162.978,0.00426639596808
816,163.181,0.00436743291492
817,163.378,0.00403275265933
818,163.578,0.00429922490133
819,163.781,0.00423232090458
820,163.979,0.0023552417223299997
821,164.177,0.009643022856
822,164.381,0.012862198015499999
823,164.579,0.00554600987083
824,164.777,0.0027715877405999996
825,164.981,0.0096815021981
826,165.181,0.004166209236
827,165.378,0.00393182884969
828,165.578,0.00405150387833
829,165.777,0.00396885609615
830,165.983,0.00392537371908
831,166.183,0.00390672346477
832,166.383,0.00394834843029
833,166.58,0.00409068145546
834,166.778,0.0038762474644
835,166.978,0.00478855582408
836,167.18,0.0049813698931000005
837,167.378,0.0107286154815
838,167.578,0.0101221788995
839,167.777,0.0104575134146
840,167.978,0.00440894816867
841,168.178,0.00795321624883
842,168.378,0.0049253784875
843,168.578,0.00263188012808
844,168.778,0.00227497873125
845,168.978,0.0028255231893299995
846,169.182,0.0023297552215
847,169.377,0.012522752074200002
848,169.578,0.0051544116108300005
849,169.778,0.00235964963633
850,169.978,0.0130211063983
851,170.178,0.00730885139642
852,170.378,0.0110542317038
853,170.578,0.0070365141774199995
854,170.778,0.00364824268342
855,170.977,0.00344745953583
856,171.178,0.00533746164767
857,171.378,0.011394414800499998
858,171.577,0.004711851431229999
859,171.78,0.0022660948775
860,171.978,0.0048407188866699995
861,172.177,0.00472138496317
862,172.378,0.0027065843641700003
863,172.577,0.0104752668522
864,172.777,0.006913375846329999
865,172.978,0.00387719090621
866,173.178,0.0024962219026000002
867,173.377,0.00261340926277
868,173.58,0.00229472333904
869,173.778,0.00225779488375
870,173.978,0.00243356326613
871,174.178,0.0023145618367699998
872,174.379,0.0023041223756500003
873,174.578,0.011891018744600001
874,174.778,0.00408854911683
875,174.978,0.0030454533768300004
876,175.178,0.00417745270815
877,175.377,0.00861074253117
878,175.578,0.0072408180235
879,175.778,0.001863919808
880,175.977,0.00159829750067
881,176.177,0.0123737520529
882,176.384,0.00565389620533
883,176.578,0.00997913820315
884,176.778,0.00433045013673
885,176.984,0.00423912822365
886,177.178,0.0042596384275
887,177.377,0.004171024496500001
888,177.578,0.00421906049619
889,177.779,0.00407692238333
890,177.981,0.00935489029971
891,178.178,0.00412581973608
892,178.378,0.0038729794913099995
893,178.578,0.00402267316612
894,178.778,0.00394711923327
895,178.978,0.0039621587904
896,179.178,0.0037776358836699997
897,179.377,0.00382711493485
898,179.579,0.0039015570499
899,179.785,0.004023306338
900,179.982,0.003939073953690001
901,180.178,0.0038380454926
902,180.382,0.00399113100544
903,180.578,0.00387572706748
904,180.781,0.00397013383262
905,180.978,0.00379376020844
906,181.178,0.0039047773710199998
907,181.377,0.003998499593190001
908,181.578,0.00388613479217
909,181.778,0.00391111335883
910,181.981,0.00405130731473
911,182.179,0.00395803330137
912,182.378,0.0038400066130199998
913,182.578,0.0038531565765800003
914,182.778,0.00364506446942
915,182.982,0.0039587712804600005
916,183.178,0.00387716767929
917,183.378,0.00384503622375
918,183.578,0.0038947626092099997
919,183.777,0.00400758943988
920,183.981,0.00391492513935
921,184.183,0.0040409976733299996
922,184.377,0.00398433084887
923,184.577,0.0039467021609
924,184.779,0.00385611364679
925,184.99,0.00390730701033
926,185.178,0.00398835326217
927,185.378,0.00398144266706
928,185.578,0.00389788445717
929,185.777,0.00389438458923
930,185.982,0.00393535796619
931,186.183,0.00389648819217
932,186.378,0.00391948815673
933,186.578,0.00397424278269
934,186.778,0.00398770749683
935,186.978,0.00395784657644
936,187.178,0.00395795287956
937,187.379,0.00396014508865
938,187.578,0.0039894887142500005
939,187.777,0.00482537322408
940,187.979,0.011069190185499999
941,188.182,0.008410036019670001
942,188.378,0.00385141707067
943,188.578,0.00379161095967
944,188.778,0.003683871103
945,188.978,0.0038049150845799995
946,189.178,0.0038534897516700004
947,189.378,0.00370844317875
948,189.578,0.00379122198883
949,189.777,0.00391530738933
950,189.979,0.0036741361485
951,190.178,0.00379881059358
952,190.378,0.0038433159925
953,190.578,0.0037159193357499997
954,190.782,0.0037614927315000003
955,190.978,0.00363624145608
956,191.181,0.00365394794492
957,191.378,0.00377762171967
958,191.578,0.0037523130005000004
959,191.777,0.003679992133
960,191.978,0.0038102996175
961,192.183,0.00391228317667
962,192.378,0.0038078514143299997
963,192.579,0.00364783456267
964,192.778,0.0037786706511700003
965,192.978,0.0037872028196699998
966,193.178,0.00368814037092
967,193.378,0.0036965116738299996
968,193.578,0.00375521691258
969,193.777,0.00388757848275
970,193.978,0.00387998768133
971,194.183,0.0038501628743299997
972,194.381,0.003775130829
973,194.583,0.00373882120217
974,194.778,0.00375241457992
975,194.982,0.0038055046005
976,195.179,0.0036441382665
977,195.378,0.00372760207142
978,195.578,0.0069526715520799994
979,195.777,0.00357329785267
980,195.978,0.0032054770761700004
981,196.179,0.00329488179475
982,196.378,0.0032976587885799997
983,196.578,0.005930574960669999
984,196.778,0.011407845998
985,196.978,0.0111137129617
986,197.178,0.0118933426019
987,197.378,0.00478481866937
988,197.578,0.00458614044715
989,197.779,0.00482582144371
990,197.978,0.00469095831648
991,198.178,0.004696527041649999
992,198.378,0.004685511198689999
993,198.578,0.00454101936906
994,198.778,0.00458447822829
995,198.978,0.0046487855983500005
996,199.183,0.004627682879999999
997,199.378,0.00472178939112
998,199.577,0.0047719166126
999,199.777,0.00389000276385
1000,199.977,0.00244437898423
1001,200.178,0.00222998114785
1002,200.377,0.00201045310875
1003,200.58,0.00224394279979
1004,200.778,0.0023367020889400003
1005,200.978,0.00224385835681
1006,201.181,0.0020190524445199997
1007,201.378,0.00214123320962
1008,201.578,0.0022275771389
1009,201.777,0.00215198561463
1010,201.981,0.0022845815754
1011,202.182,0.00232763903548
1012,202.377,0.00228677257771
1013,202.578,0.00222619782225
1014,202.778,0.0021734065571
1015,202.979,0.002286083148
1016,203.178,0.00216012241412
1017,203.378,0.00213606490727
1018,203.578,0.00238525925987
1019,203.777,0.0022991711118499998
1020,203.978,0.0020294263802300002
1021,204.178,0.00229030103106
1022,204.378,0.00227624055869
1023,204.582,0.00215602920754
1024,204.778,0.00218950648744
1025,204.978,0.0021697833860799998
1026,205.178,0.00230559394202
1027,205.378,0.0021457301194
1028,205.578,0.00219796923735
1029,205.777,0.0022979828646900002
1030,205.978,0.00236625813946
1031,206.179,0.00427922606885
1032,206.378,0.0132170696269
1033,206.578,0.010037776791200001
1034,206.778,0.00806385198317
1035,206.978,0.00382549389633
1036,207.178,0.0036167772608300002
1037,207.378,0.0072896417345
1038,207.578,0.00362027880183
1039,207.777,0.00515514283658
1040,207.978,0.00345214294194
1041,208.178,0.0112527506588
1042,208.378,0.0059667441014199995
1043,208.578,0.006437307669439999
1044,208.781,0.00968189608675
1045,208.98,0.00412078744125
1046,209.178,0.00407819367992
1047,209.378,0.0040885699906
1048,209.578,0.00414765202412
1049,209.777,0.0039919660629600005
1050,209.978,0.00417208226077
1051,210.178,0.00410249609277
1052,210.378,0.0039138819604
1053,210.578,0.0039807126215600005
1054,210.778,0.00380346248746
1055,210.978,0.00401298945463
1056,211.178,0.00395945115765
1057,211.378,0.0039819241099
1058,211.578,0.005007088156670001
1059,211.778,0.0022171878329399998
1060,211.978,0.00830641866092
1061,212.183,0.00394103124167
1062,212.378,0.00370128826667
1063,212.578,0.005934947767020001
1064,212.778,0.00771202979958
1065,212.978,0.0051578690247099995
1066,213.178,0.0113652193451
1067,213.378,0.004934015922
1068,213.578,0.00832367774631
1069,213.777,0.009432144877669999
1070,213.978,0.00427308064558
1071,214.179,0.0040976905591699996
1072,214.378,0.00420346627583
1073,214.578,0.00413109219408
1074,214.778,0.00413765106033
1075,214.978,0.00423299317408
1076,215.178,0.00421337063792
1077,215.378,0.0040993890851700006
1078,215.578,0.00423809182375
1079,215.777,0.00932825358388
1080,215.978,0.00410214846512
1081,216.179,0.00399865662348
1082,216.382,0.00396966219944
1083,216.578,0.0046087629845
1084,216.778,0.00301658812383
1085,216.979,0.00526094968717
1086,217.178,0.008081269796919999
1087,217.378,0.00406300581567
1088,217.578,0.00309291978152
1089,217.777,0.00233692782663
1090,217.978,0.00197848678875
1091,218.178,0.00203070550667
1092,218.378,0.0020293770338299997
1093,218.582,0.00209128086565
1094,218.778,0.004744485633
1095,218.978,0.00290381209242
1096,219.178,0.009319629029059999
1097,219.378,0.00405868997854
1098,219.578,0.00399097837262
1099,219.777,0.0038614737781899997
1100,219.978,0.0038550479198099998
1101,220.178,0.00402559272969
1102,220.378,0.004078351283
1103,220.579,0.00399315224115
1104,220.778,0.0038947410461500002
1105,220.986,0.00386852312054
1106,221.179,0.00388492624067
1107,221.378,0.00383294776927
1108,221.578,0.00393400208415
1109,221.777,0.0038525914340399995
1110,221.978,0.00388417311658
1111,222.183,0.00402280951125
1112,222.378,0.00379865732877
1113,222.578,0.00388008269015
1114,222.778,0.0039373959042899994
1115,222.981,0.0038996940969200002
1116,223.178,0.0039124219889800005
1117,223.378,0.0039525988695999995
1118,223.578,0.00387390593142
1119,223.777,0.0037818199965999996
1120,223.981,0.00375409917019
1121,224.184,0.00388341910333
1122,224.378,0.00396765818308
1123,224.578,0.00408086176448
1124,224.778,0.00388032664187
1125,224.979,0.00394307986852
1126,225.178,0.0038978104887100002
1127,225.378,0.00394542535285
1128,225.578,0.00394466201202
1129,225.781,0.0038319985294800003
1130,225.978,0.00398564157513
1131,226.179,0.0039654354298299995
1132,226.378,0.00397771682177
1133,226.578,0.00405675323596
1134,226.778,0.0040776228339599995
1135,226.978,0.00422134579771
1136,227.177,0.00411893257754
1137,227.384,0.00393354803698
1138,227.577,0.00393411735967
1139,227.777,0.00406027953746
1140,227.978,0.00398366783562
1141,228.178,0.0040241123442699995
1142,228.378,0.0038121333772100003
1143,228.578,0.00408267636594
1144,228.778,0.00398894192954
1145,228.979,0.0038862896250799997
1146,229.182,0.0038964816823299996
1147,229.378,0.00397477355102
1148,229.578,0.0040634842868499995
1149,229.778,0.0039518632489400005
1150,229.978,0.00404525696535
1151,230.178,0.00392282298896
1152,230.378,0.00387087749558
1153,230.578,0.00412543557427
1154,230.778,0.0039110995109599995
1155,230.979,0.00397594617865
1156,231.178,0.00381477684038
1157,231.377,0.00394662622998
1158,231.58,0.00398535483619
1159,231.778,0.0039765394390199995
1160,231.98,0.00391492364458
1161,232.178,0.00402741015467
1162,232.378,0.0038307849060799995
1163,232.578,0.00400945833194
1164,232.778,0.00387795402283
1165,232.978,0.00399010961602
1166,233.178,0.00387625387254
1167,233.377,0.0039580131351000004
1168,233.578,0.00391100598715
1169,233.778,0.00401960918271
1170,233.978,0.0037342387416199998
1171,234.178,0.00392748334098
1172,234.382,0.0038841368339600003
1173,234.578,0.0038967857705
1174,234.778,0.00400224758296
1175,234.978,0.0040125397697100005
1176,235.178,0.00396283249865
1177,235.378,0.003965893322099999
1178,235.578,0.00404145133294
1179,235.778,0.003983264503630001
1180,235.98,0.00392163740687
1181,236.178,0.00385232623475
1182,236.378,0.00391751744979
1183,236.578,0.0038553948716000003
1184,236.778,0.00395152531404
1185,236.978,0.00389840847983
1186,237.178,0.00403215769398
1187,237.377,0.0039298240894
1188,237.578,0.00405189125437
1189,237.778,0.00398308288421
1190,237.978,0.0040263364919
1191,238.178,0.0040073566169
1192,238.378,0.00400079175981
1193,238.578,0.0039742311841699995
1194,238.778,0.0037824190594399998
1195,238.978,0.0040009274269
1196,239.178,0.00402890363421
1197,239.377,0.00392996736777
1198,239.578,0.00395550926477
1199,239.779,0.00404770623198
1200,239.978,0.00389670288108
1201,240.179,0.00392376319208
1202,240.378,0.0039889793714
1203,240.578,0.00390062436271
1204,240.778,0.0038844929673299998
1205,240.978,0.00388359015046
1206,241.178,0.00388340501404
1207,241.377,0.00391515281173
1208,241.578,0.00467240894225
1209,241.779,0.004896136926329999
1210,241.978,0.0030032654445799997
1211,242.178,0.00579726369831
1212,242.378,0.0108640750104
1213,242.578,0.00469290592835
1214,242.778,0.004574251408119999
1215,242.978,0.00446425433565
1216,243.178,0.0038812429396
1217,243.377,0.00257667474315
1218,243.578,0.00246875686383
1219,243.778,0.00232517748119
1220,243.978,0.00234403225275
1221,244.178,0.00759841065725
1222,244.378,0.0037978692315799997
1223,244.578,0.0035141399293299996
1224,244.778,0.0045044221803100006
1225,244.982,0.00275855458842
1226,245.178,0.00921648842158
1227,245.378,0.004005098627
1228,245.578,0.00380992335492
1229,245.779,0.0038053330088300003
1230,245.978,0.00378121305917
1231,246.178,0.0038983524375
1232,246.378,0.0038787007954200004
1233,246.578,0.00394991317033
1234,246.778,0.0038422930016699997
1235,246.978,0.0037726389315
1236,247.178,0.00382312289258
1237,247.377,0.00192669709677
1238,247.578,0.00530133085942
1239,247.784,0.00517851475233
1240,247.981,0.0036620203144200002
1241,248.178,0.00261831106367
1242,248.381,0.00942905505629
1243,248.582,0.00825456271017
1244,248.778,0.010500552077600001
1245,248.978,0.0049364056191
1246,249.178,0.004833721121560001
1247,249.377,0.00460779345179
1248,249.578,0.00478195154535
1249,249.778,0.00477428566877
1250,249.978,0.0046536804965399995
1251,250.178,0.00458754146117
1252,250.378,0.0048162234795799995
1253,250.578,0.00448928844306
1254,250.778,0.004584706868100001
1255,250.981,0.00442383291117
1256,251.178,0.00472836243408
1257,251.377,0.004817482302670001
1258,251.578,0.004653664913020001
1259,251.779,0.0045901245975
1260,251.978,0.00461419540771
1261,252.178,0.00456990701488
1262,252.382,0.0045352011867700005
1263,252.578,0.00459062131658
1264,252.782,0.00544405255752
1265,252.978,0.00331810466323
1266,253.178,0.0031880922061700004
1267,253.377,0.00533863506427
1268,253.578,0.00337193266292
1269,253.779,0.0030614389301500005
1270,253.982,0.00316490555744
1271,254.178,0.0030307272866700002
1272,254.378,0.00314391302733
1273,254.578,0.00319235830794
1274,254.778,0.0030307208856199994
1275,254.979,0.008856243472879999
1276,255.178,0.00413356453608
1277,255.377,0.00372973054419
1278,255.578,0.0037873354416
1279,255.778,0.00389109177688
1280,255.978,0.003956726328540001
1281,256.178,0.00390161532604
1282,256.378,0.00408736112542
1283,256.578,0.0038947510184200004
1284,256.778,0.0038582994451200003
1285,256.978,0.00395937289933
1286,257.178,0.00389001130756
1287,257.377,0.003928600797349999
1288,257.578,0.00401187884921
1289,257.779,0.00380079742956
1290,257.978,0.00388969122663
1291,258.178,0.00376817563992
1292,258.378,0.00384822971294
1293,258.578,0.00391361869854
1294,258.778,0.00392994262912
1295,258.978,0.00392759340067
1296,259.178,0.00394636894725
1297,259.377,0.00390909389517
1298,259.578,0.0039009574916199995
1299,259.779,0.00394515710698
1300,259.979,0.00384898544827
1301,260.178,0.0038630727883999997
1302,260.378,0.00388209979125
1303,260.578,0.0038127032629400003
1304,260.778,0.00375943600329
1305,260.979,0.00397855538823
1306,261.178,0.0039109335501
1307,261.377,0.00389262444156
1308,261.578,0.00693259055552
1309,261.779,0.00466462714408
1310,261.978,0.00321717789758
1311,262.178,0.00421459632392
1312,262.378,0.00424691211483
1313,262.578,0.00236835701233
1314,262.781,0.00496538274692
1315,262.98,0.00286749339508
1316,263.178,0.0027687037292499998
1317,263.377,0.0026320686189
1318,263.578,0.00512786028333
1319,263.779,0.0106739386834
1320,263.982,0.0018839167287499998
1321,264.18,0.009869170763749999
1322,264.378,0.00516690496333
1323,264.578,0.00315116274892
1324,264.778,0.004067812454
1325,264.978,0.004614372582439999
1326,265.178,0.00293516943592
1327,265.378,0.0027912283442099997
1328,265.581,0.00928915015933
1329,265.779,0.00791132581475
1330,265.989,0.00480248309979
1331,266.178,0.0101325627948
1332,266.378,0.00455655085415
1333,266.579,0.00430182382442
1334,266.777,0.00419410449835
1335,266.978,0.00429085834623
1336,267.178,0.00426340310683
1337,267.377,0.00427659799827
1338,267.577,0.00431270829742
1339,267.778,0.00427182484742
1340,267.981,0.00425107141306
1341,268.178,0.004394138312630001
1342,268.378,0.004390172343789999
1343,268.578,0.00420003106531
1344,268.778,0.00420184738262
1345,268.978,0.0042674327565999995
1346,269.182,0.004382308229369999
1347,269.377,0.0044343192433100006
1348,269.578,0.00429207161477
1349,269.779,0.0043382315789
1350,269.978,0.00427181584894
1351,270.178,0.00413189809917
1352,270.378,0.00427112964238
1353,270.578,0.00433003925037
1354,270.778,0.00428596704421
1355,270.978,0.00435282642694
1356,271.178,0.0044508248011000005
1357,271.377,0.0043602033539999994
1358,271.578,0.00429515110531
1359,271.779,0.0042735442504200005
1360,271.978,0.00435472087092
1361,272.179,0.00426116596473
1362,272.378,0.00432946407637
1363,272.578,0.00439375223437
1364,272.778,0.004298849059270001
1365,272.978,0.004340469805899999
1366,273.179,0.00417993720565
1367,273.377,0.00425414764204
1368,273.578,0.00432253906306
1369,273.778,0.00429948934658
1370,273.981,0.00436634160288
1371,274.178,0.0043119434269799995
1372,274.378,0.0044009160535
1373,274.579,0.00420240602835
1374,274.778,0.004351143470770001
1375,274.979,0.00425581092598
1376,275.178,0.00433785637519
1377,275.377,0.0043214447518500005
1378,275.578,0.004303341404920001
1379,275.778,0.00432575809992
1380,275.978,0.0041698890357100005
1381,276.178,0.0044437707972299996
1382,276.378,0.004301242505630001
1383,276.578,0.0043286418490600005
1384,276.778,0.00426426151946
1385,276.978,0.004439114320899999
1386,277.179,0.0042141910686
1387,277.38,0.00440330326196
1388,277.578,0.0043729790855
1389,277.778,0.00439413319021
1390,277.98,0.00435244258188
1391,278.178,0.00431355876617
1392,278.378,0.0043777986197700005
1393,278.578,0.0042765895596
1394,278.778,0.004333970331770001
1395,278.977,0.004153998601880001
1396,279.178,0.00418348799298
1397,279.379,0.00432354986052
1398,279.578,0.004386424948130001
1399,279.778,0.00444812078808
1400,279.978,0.004469842419270001
1401,280.179,0.00429536854377
1402,280.378,0.0043045876955200004
1403,280.579,0.0042261107975
1404,280.778,0.00418228591713
1405,280.979,0.0043052618838500005
1406,281.178,0.00422505994435
1407,281.378,0.004139170460670001
1408,281.578,0.00442420228392
1409,281.779,0.00431206190481
1410,281.978,0.00425222093896
1411,282.178,0.00437424808608
1412,282.378,0.004352827960729999
1413,282.578,0.004303687464439999
1414,282.781,0.00422615678542
1415,282.978,0.0042814805822100005
1416,283.178,0.0042594551891
1417,283.378,0.0043325839693500005
1418,283.578,0.004408862876770001
1419,283.778,0.0041338460415999995
1420,283.978,0.0043120107056
1421,284.178,0.00447567229402
1422,284.378,0.00439982040379
1423,284.578,0.00417114194242
1424,284.779,0.00441204977417
1425,284.977,0.0044244215173300004
1426,285.178,0.00449501261842
1427,285.379,0.0042420650476
1428,285.578,0.00444415755583
1429,285.778,0.0042630515587100005
1430,285.978,0.00429864077129
1431,286.178,0.004351779400060001
1432,286.378,0.00441686861254
1433,286.578,0.00429465633823
1434,286.778,0.00428385419756
1435,286.98,0.00430025593442
1436,287.178,0.00430069949623
1437,287.379,0.00436089442042
1438,287.578,0.00442456802504
1439,287.778,0.00457453127658
1440,287.978,0.00427672731144
1441,288.178,0.00443225522696
1442,288.379,0.00440641119233
1443,288.578,0.00430306131079
1444,288.778,0.0041785598364599994
1445,288.977,0.00440231113617
1446,289.178,0.00431998294446
1447,289.379,0.00442253109158
1448,289.578,0.0044101639391699995
1449,289.778,0.00427658200825
1450,289.978,0.00425144967469
1451,290.18,0.00437128537083
1452,290.378,0.00423132477535
1453,290.578,0.00428694897833
1454,290.778,0.00423171223358
1455,290.98,0.0044139326836300005
1456,291.179,0.00445153960154
1457,291.379,0.0043049593203500006
1458,291.578,0.00428908097727
1459,291.778,0.00432194290894
1460,291.978,0.0043576321623299994
1461,292.178,0.00425444546646
1462,292.378,0.00436578513106
1463,292.578,0.00429038063454
1464,292.778,0.00436674824725
1465,292.98,0.00423961453202
1466,293.178,0.00433046273188
1467,293.378,0.00419812703133
1468,293.578,0.00436391576371
1469,293.778,0.00422536468571
1470,293.978,0.00434589952869
1471,294.178,0.00419268458329
1472,294.378,0.00421522045083
1473,294.578,0.00422129226379
1474,294.779,0.0041596222095
1475,294.978,0.00428920568356
1476,295.178,0.00450295667054
1477,295.379,0.004371889027
1478,295.578,0.00442327835531
1479,295.778,0.004271022122650001
1480,295.978,0.0043571038847700005
1481,296.178,0.00430070958646
1482,296.378,0.0044213058695799995
1483,296.578,0.004322969947770001
1484,296.778,0.00439243700733
1485,296.977,0.00435334411808
1486,297.179,0.00418740869556
1487,297.381,0.00430689220273
1488,297.578,0.00435018110304
1489,297.778,0.00427864763298
1490,297.978,0.0042368163862699995
1491,298.178,0.004320784175850001
1492,298.381,0.00418370896058
1493,298.578,0.00435782110952
1494,298.781,0.00420516105192
1495,298.977,0.00432799255658
1496,299.178,0.0042945759560599995
1497,299.378,0.00429383098808
1498,299.578,0.00427997349392
1499,299.778,0.00428185644052
1500,299.978,0.0043482293585
1501,300.178,0.00442894886596
1502,300.378,0.0042552747012100005
1503,300.578,0.00424474003425
1504,300.778,0.00433461564377
1505,300.978,0.00428366058875
1506,301.179,0.00434656285608
1507,301.379,0.0044162826603299996
1508,301.578,0.00442482433981
1509,301.778,0.00446677836267
1510,301.98,0.0042952211204
1511,302.179,0.0042105468487699995
1512,302.378,0.00447901215215
1513,302.578,0.004324052853579999
1514,302.778,0.0044693778233800005
1515,302.978,0.00426818016735
1516,303.178,0.004121100313380001
1517,303.379,0.00434688204944
1518,303.578,0.0042916591454
1519,303.778,0.004305007408810001
1520,303.978,0.00418078688333
1521,304.178,0.004331372303520001
1522,304.378,0.00443641101229
1523,304.578,0.00430051563946
1524,304.778,0.0042235278185199995
1525,304.98,0.00424035129642
1526,305.178,0.00416263323423
1527,305.378,0.00426823970946
1528,305.578,0.004187298035459999
1529,305.778,0.00433207280417
1530,305.982,0.0042487271428299994
1531,306.178,0.0042084364614
1532,306.378,0.00434693405477
1533,306.578,0.0042239360904
1534,306.778,0.0040957758143700005
1535,306.978,0.00425673706723
1536,307.178,0.0044499805135
1537,307.379,0.004309540518630001
1538,307.578,0.0042445334815
1539,307.778,0.00416443682302
1540,307.981,0.0044959909676
1541,308.179,0.00420861122323
1542,308.378,0.00428327006402
1543,308.578,0.00430864860894
1544,308.782,0.00426864067458
1545,308.978,0.004156627161630001
1546,309.178,0.00422509627546
1547,309.379,0.004444699333100001
1548,309.578,0.00434499097546
1549,309.778,0.00423210020077
1550,309.981,0.00425954367904
1551,310.178,0.00415059993558
1552,310.378,0.00420946283292
1553,310.578,0.004447657249229999
1554,310.778,0.00430990074371
1555,310.978,0.00435413610542
1556,311.178,0.00434879146467
1557,311.379,0.00434557772079
1558,311.578,0.00423176029242
1559,311.778,0.00432643705104
1560,311.978,0.0043214387908999995
1561,312.178,0.00431583433133
1562,312.378,0.004525561661020001
1563,312.578,0.00432674740163
1564,312.778,0.004129603345100001
1565,312.979,0.00434300914613
1566,313.178,0.0044434212971899995
1567,313.379,0.00444919586735
1568,313.578,0.00422662565306
1569,313.778,0.00433968056887
1570,313.979,0.0042847558611
1571,314.178,0.00444154298383
1572,314.378,0.00425237465387
1573,314.578,0.0043599459774200005
1574,314.778,0.004408151886119999
1575,314.98,0.00433660930625
1576,315.178,0.00444455208413
1577,315.379,0.004453773588479999
1578,315.578,0.00432663691771
1579,315.778,0.004523822891600001
1580,315.978,0.004238861629809999
1581,316.178,0.00434560672315
1582,316.378,0.00440534676865
1583,316.578,0.00426722399581
1584,316.778,0.0043998274118500005
1585,316.977,0.00437986402754
1586,317.178,0.00422146750167
1587,317.379,0.004327004181439999
1588,317.578,0.00439722779175
1589,317.778,0.00421528305938
1590,317.978,0.00420151137452
1591,318.181,0.00420141280683
1592,318.378,0.0043553243090600005
1593,318.578,0.00427373992646
1594,318.778,0.005103478288170001
1595,318.977,0.010407321330799999
1596,319.179,0.00458284387083
1597,319.379,0.0044983533895
1598,319.578,0.00462135125383
1599,319.778,0.0045844769048300005
1600,319.978,0.00454191294617
1601,320.178,0.0043543604875800005
1602,320.378,0.004489846961399999
1603,320.578,0.011641916757499999
1604,320.781,0.0049537393515
1605,320.977,0.011128133137999999
1606,321.178,0.00478286237596
1607,321.379,0.00463530118912
1608,321.578,0.0045675630656499995
1609,321.779,0.00460705804788
1610,321.978,0.00448805201204
1611,322.184,0.00447076612954
1612,322.378,0.004359311948520001
1613,322.578,0.00457267187429
1614,322.778,0.00427747551356
1615,322.977,0.004533770490979999
1616,323.179,0.00649151014683
1617,323.379,0.0036153738003299996
1618,323.578,0.00257866818358
1619,323.778,0.00242592866417
1620,323.979,0.00230440082567
1621,324.178,0.00236778611233
1622,324.378,0.0024834703598299998
1623,324.578,0.0033754121941900004
1624,324.779,0.00217948903723
1625,324.98,0.00221247009748
1626,325.179,0.0021359910157699997
1627,325.379,0.00222563151517
1628,325.578,0.00484893020331
1629,325.778,0.00292836552804
1630,325.979,0.00271854907044
1631,326.178,0.00264862799108
1632,326.378,0.00254837553808
1633,326.578,0.00269688552752
1634,326.778,0.00264859661294
1635,326.977,0.00257753887638
1636,327.178,0.0026295387760200003
1637,327.378,0.00258750064225
1638,327.581,0.00257464424637
1639,327.778,0.0025304778501
1640,327.979,0.00276167670302
1641,328.178,0.0035919678723299996
1642,328.378,0.00756061639033
1643,328.578,0.00385816770773
1644,328.778,0.00364200597671
1645,328.977,0.0037325997408800002
1646,329.181,0.0037762725215199997
1647,329.378,0.003872263923
1648,329.578,0.00383591938596
1649,329.778,0.003956619117650001
1650,329.981,0.0038300677099599996
1651,330.178,0.00374690240029
