,Elapsed_Time,Data
0,0.0,0.011496108764
1,0.188,0.010139764551799999
2,0.386,0.0114123519307
3,0.586,0.010888881018600001
4,0.786,0.0120302816062
5,0.986,0.0110249043775
6,1.187,0.010796440083299998
7,1.386,0.011869352101300001
8,1.585,0.0108385870725
9,1.789,0.012417263081300001
10,1.985,0.0108462469741
11,2.187,0.010965630835200002
12,2.386,0.0125892874275
13,2.585,0.0114974345181
14,2.785,0.0109303648217
15,2.985,0.011584457194100001
16,3.185,0.009406646285989998
17,3.386,0.0124235633243
18,3.585,0.00945728924873
19,3.786,0.0119720501586
20,3.985,0.011331173245700002
21,4.186,0.0104432972342
22,4.386,0.012121599407799999
23,4.586,0.00976994475486
24,4.785,0.0132726786808
25,4.987,0.012623728661
26,5.186,0.0112644573103
27,5.386,0.014463590287799998
28,5.586,0.0125363495319
29,5.786,0.011653454224200001
30,5.987,0.0136108174079
31,6.186,0.0104047318785
32,6.387,0.010437697025
33,6.585,0.009922463382290001
34,6.786,0.0130936835191
35,6.986,0.0131980552636
36,7.186,0.0131295230851
37,7.386,0.0113480414971
38,7.587,0.011495344154399999
39,7.789,0.0106633324542
40,7.986,0.0109887931678
41,8.187,0.0121562230634
42,43.564,0.011898405675299999
43,133.547,0.009584081568110001
44,146.739,0.00922518552681
45,146.925,0.0112210991729
46,147.124,0.00960572951216
47,147.323,0.0103137324152
48,147.531,0.0103653072256
49,147.724,0.0104773483438
50,147.924,0.0111892447431
51,148.123,0.012964554705399998
52,148.324,0.010839830956700002
53,148.523,0.0106258466594
54,148.724,0.00913213325338
55,148.923,0.011636689240700002
56,149.124,0.0123418008191
57,149.326,0.0106385520384
58,149.523,0.0106288423807
59,149.724,0.0117958232995
60,149.924,0.011871675641100001
61,150.123,0.0107943133818
62,150.324,0.0134736686473
63,150.523,0.012003337876299999
64,150.724,0.012278102377200001
65,150.924,0.0133447612925
66,151.124,0.0115113032131
67,151.324,0.013716251130299999
68,151.532,0.011684381927100002
69,151.724,0.0112021711156
70,151.925,0.011165632863200001
71,152.124,0.0106606876421
72,152.324,0.011669533902
73,152.525,0.0102560143068
74,152.724,0.011180608847399999
75,152.924,0.012181636192700001
76,153.124,0.0120456497073
77,153.326,0.0129470969589
78,153.524,0.012493111295399999
79,153.724,0.013064964050399999
80,153.924,0.0136060201691
81,154.129,0.013609171435100001
82,154.325,0.013487908849200002
83,154.529,0.011334542503500002
84,154.724,0.013301147863
85,154.924,0.014351819938299998
86,155.123,0.0122197566038
87,155.329,0.0109887026526
88,155.532,0.0115365850774
89,155.725,0.0112462499981
90,155.924,0.0125830248774
91,156.128,0.0126461439451
92,156.324,0.013634326116
93,156.525,0.0117887601825
94,156.724,0.011885619420100002
95,156.924,0.0127597525425
96,157.123,0.0109451855721
97,157.324,0.0118392070399
98,157.526,0.0154841568896
99,157.729,0.011709845039899998
100,157.937,0.0114476601205
101,158.129,0.0114640526776
102,158.324,0.0117905021879
103,158.529,0.013566067792799999
104,158.724,0.0120912883317
105,158.923,0.011756461364
106,159.125,0.012893877857600001
107,159.329,0.0118879216836
108,159.524,0.012460073124899999
109,159.724,0.012958966600699999
110,159.927,0.013204188223099999
111,160.124,0.012201837661200001
112,160.324,0.0129614039895
113,160.536,0.013567483688900001
114,160.725,0.011609554776000001
115,160.924,0.0126865037393
116,161.124,0.012364725958399998
117,161.325,0.011704396313
118,161.523,0.011136756745700001
119,161.723,0.0131031778386
120,161.923,0.011176917884400001
121,162.123,0.0133161014317
122,162.324,0.012526487480600002
123,162.523,0.0123210164432
124,162.724,0.0121721513668
125,162.924,0.0114355625065
126,163.123,0.012460193546200002
127,163.323,0.0125599649598
128,163.535,0.012581477036700001
129,163.733,0.0138310212563
130,163.928,0.0115421784094
131,164.124,0.0156164149881
132,164.323,0.013122038103399998
133,164.525,0.012858305672200001
134,164.723,0.013435699208599999
135,164.923,0.011376375738600002
136,165.124,0.0116195498799
137,165.325,0.0126885491493
138,165.525,0.0127320128554
139,165.724,0.0131370381042
140,165.923,0.010317372003200001
141,166.125,0.0103345339166
142,166.327,0.012738973936
143,166.538,0.012947692998799998
144,166.729,0.0137978442389
145,166.925,0.0129331290203
146,167.125,0.014755448849200001
147,167.323,0.0141515365994
148,167.524,0.012339336235
149,167.723,0.012081232964600001
150,167.925,0.0140380823891
151,168.124,0.013118490446600002
152,168.324,0.0120332068992
153,168.528,0.0121719508528
154,168.724,0.013977365026499999
155,168.924,0.012185263484
156,169.124,0.014281265283200001
157,169.323,0.0103512554468
158,169.524,0.012193044235
159,169.723,0.014592993400099999
160,169.924,0.0127714435993
161,170.123,0.013155402547799998
162,170.326,0.0142551297646
163,170.529,0.0125288502027
164,170.724,0.0120745690154
165,170.923,0.0131988732147
166,171.124,0.013069765250999999
167,171.323,0.0147144568755
168,171.524,0.011644878152700001
169,171.723,0.0145893774923
170,171.924,0.0123954437299
171,172.124,0.0123941753013
172,172.324,0.0125761992835
173,172.526,0.013609211894
174,172.724,0.012333607528799998
175,172.924,0.0120920689197
176,173.124,0.0116869317878
177,173.324,0.0131316775384
178,173.529,0.012071619463
179,173.723,0.0132378264204
180,173.924,0.0130162437565
181,174.124,0.012671417059200002
182,174.324,0.0137219372553
183,174.523,0.0138386970332
184,174.724,0.015524511360799999
185,174.923,0.0124520062658
186,175.124,0.0143646831806
187,175.324,0.013609283643
188,175.526,0.0104266606222
189,175.724,0.012756626936700002
190,175.926,0.0150453190423
191,176.123,0.013705209489799999
192,176.324,0.0125818254923
193,176.528,0.0143302534534
194,176.724,0.0135521908771
195,176.923,0.012364633295
196,177.126,0.0140889677236
197,177.323,0.012539147504700001
198,177.531,0.0128414462628
199,177.724,0.0137603673942
200,177.924,0.0135679829103
201,178.123,0.014575638576799999
202,178.324,0.0128973090315
203,178.528,0.0127319842915
204,178.724,0.013268774024
205,178.924,0.013146839322500001
206,179.124,0.0122051188641
207,179.324,0.010806002732299999
208,179.524,0.0111374809782
209,179.726,0.0108347995511
210,179.924,0.0102095205632
211,180.124,0.011436724453200002
212,180.325,0.0141384803526
213,180.529,0.013071140965899999
214,180.724,0.0139584614267
215,180.925,0.0130406870138
216,181.124,0.013835885722
217,181.324,0.0145102771077
218,181.527,0.0128763875439
219,181.724,0.0136536824048
220,181.925,0.0141193629044
221,182.124,0.015100185464
222,182.324,0.0129655968524
223,182.528,0.013823951613
224,182.724,0.0125068922291
225,182.926,0.0142295496508
226,183.123,0.0115794388051
227,183.324,0.0135396569206
228,183.525,0.0143095158574
229,183.725,0.014788882346000001
230,183.924,0.0151133974667
231,184.125,0.013392982087299998
232,184.325,0.0123427509435
233,184.524,0.012182342988400001
234,184.724,0.0136863646116
235,184.924,0.013717832995899999
236,185.124,0.013603478574399998
237,185.325,0.0134135875295
238,185.538,0.0126030819184
239,185.725,0.0131179801366
240,185.924,0.012592641551399998
241,186.126,0.0139330148147
242,186.328,0.014836196775799998
243,186.527,0.012288454318999999
244,186.723,0.0149263231489
245,186.924,0.0131789653928
246,187.124,0.0143699464169
247,187.324,0.014276652044600002
248,187.524,0.0138499249541
249,187.723,0.0130516365123
250,187.924,0.0129696633327
251,188.124,0.0129717692332
252,188.323,0.013722463662299999
253,188.527,0.012007990236500002
254,188.724,0.0127952866442
255,188.924,0.013247331143700001
256,189.124,0.0120462177692
257,189.324,0.013313616211600002
258,189.529,0.014174497269700001
259,189.732,0.0134619263916
260,189.924,0.0143672204646
261,190.124,0.012671715314599999
262,190.324,0.012411283721200001
263,190.53,0.013490707220600001
264,190.729,0.0113413497936
265,190.924,0.013958125517
266,191.124,0.0146068026275
267,191.323,0.0149478069982
268,191.535,0.0146606055317
269,191.727,0.0127337150265
270,191.923,0.013036063565700001
271,192.124,0.012117068088100001
272,192.324,0.0142039193089
273,192.528,0.0153975527394
274,192.724,0.0130218339838
275,192.924,0.0141218777326
276,193.125,0.0122309671336
277,193.324,0.0129611256289
278,193.531,0.012418558954100002
279,193.726,0.012338886872100002
280,193.925,0.0142372159841
281,194.124,0.0123134526703
282,194.324,0.0141176698634
283,194.533,0.014193215493299998
284,194.731,0.013193120770700001
285,194.924,0.0123615321335
286,195.124,0.014559428550799999
287,195.33,0.0142388314507
288,195.528,0.0125120841475
289,195.723,0.013326422893499999
290,195.924,0.013388621540200001
291,196.124,0.012851282632
292,196.325,0.014284527256200002
293,196.526,0.0151099097975
294,196.724,0.012202178179799999
295,196.924,0.0141059366474
296,197.124,0.0141167616167
297,197.323,0.0144443526305
298,197.524,0.0145355363074
299,197.723,0.0146156692041
300,197.923,0.0132696384552
301,198.125,0.0150318597055
302,198.324,0.013636806282600002
303,198.526,0.0140189716925
304,198.723,0.012971739236700001
305,198.924,0.013252637815199999
306,199.124,0.014492875936399998
307,199.324,0.0121517359928
308,199.525,0.0141495950329
309,199.724,0.0143303833455
310,199.924,0.0143486416349
311,200.124,0.014124620398899999
312,200.324,0.0149517704196
313,200.524,0.0139145866837
314,200.723,0.0119998535788
315,200.924,0.0131229292227
316,201.123,0.0153351026883
317,201.324,0.0131229417373
318,201.523,0.0149001079034
319,201.724,0.0143963555881
320,201.923,0.013751313674899998
321,202.124,0.013914142419700001
322,202.324,0.0142312233832
323,202.535,0.0144703284372
324,202.724,0.013536993695200002
325,202.924,0.013597279936899999
326,203.124,0.0140274516065
327,203.325,0.0148407530198
328,203.529,0.013915017898600002
329,203.724,0.0129463090145
330,203.924,0.014215993340600001
331,204.124,0.0137727465379
332,204.325,0.013930020199700001
333,204.529,0.0118820667065
334,204.724,0.0140243012651
335,204.924,0.015312313574399999
336,205.124,0.0158321993206
337,205.325,0.0137007359579
338,205.529,0.0132775690559
339,205.723,0.013083737897799999
340,205.924,0.0146233124413
341,206.124,0.0149600715312
342,206.324,0.0144619038715
343,206.526,0.014409472589399999
344,206.724,0.0139114673553
345,206.924,0.014727204416200002
346,207.124,0.013953231850299999
347,207.324,0.013321134911799998
348,207.53,0.013596452689799999
349,207.724,0.0127216818292
350,207.924,0.0140053048615
351,208.124,0.015542792531900001
352,208.324,0.0149446848868
353,208.528,0.014733617168100002
354,208.724,0.0135290315453
355,208.924,0.013755682312
356,209.124,0.0150135374501
357,209.324,0.012236034942100002
358,209.525,0.0144652528061
359,209.724,0.013961709048799998
360,209.923,0.014854567913
361,210.124,0.0145381945284
362,210.324,0.014393204668900001
363,210.524,0.0147309072908
364,210.724,0.0145645433862
365,210.924,0.013210727430100001
366,211.124,0.0121081684736
367,211.325,0.015067260524600001
368,211.528,0.0137858616962
369,211.725,0.0140523456597
370,211.924,0.0137688668363
371,212.124,0.0149544259592
372,212.324,0.0137819870954
373,212.528,0.0149453136363
374,212.724,0.012890619965600002
375,212.924,0.0145418403811
376,213.125,0.013854282028600002
377,213.324,0.0129952085308
378,213.524,0.0132843002556
379,213.724,0.0137755112956
380,213.924,0.0139711793224
381,214.13,0.014381902028299998
382,214.323,0.0141085288444
383,214.524,0.0145623286402
384,214.724,0.0145155116775
385,214.923,0.0145304641565
386,215.124,0.0142742843212
387,215.323,0.0148387244206
388,215.524,0.0147488606487
389,215.727,0.012677881176100001
390,215.924,0.0151104102966
391,216.124,0.0117232960319
392,216.324,0.0145135842254
393,216.528,0.0130000947059
394,216.724,0.0142022927456
395,216.924,0.013902641484999999
396,217.125,0.0140962850959
397,217.323,0.013451471813999999
398,217.528,0.0146793041662
399,217.727,0.0137624538589
400,217.925,0.013273936628100001
401,218.124,0.0140528760495
402,218.324,0.0143099737192
403,218.524,0.0153901703489
404,218.724,0.0143000147468
405,218.924,0.0146002348655
406,219.124,0.0146444928706
407,219.324,0.0138342483558
408,219.524,0.0136986265237
409,219.726,0.0136178656415
410,219.924,0.013703113862299998
411,220.124,0.0139561983608
412,220.324,0.014095199330000002
413,220.528,0.013292584827700002
414,220.725,0.0133820452183
415,220.924,0.0138526344584
416,221.125,0.013329737641200002
417,221.329,0.013795979504599999
418,221.524,0.0122530503917
419,221.724,0.0125289085344
420,221.924,0.0152997530843
421,222.124,0.0133002794539
422,222.324,0.013506146518700001
423,222.525,0.013773580843899999
424,222.724,0.0136949846356
425,222.924,0.0141275380721
426,223.124,0.0136790400475
427,223.324,0.0151046062564
428,223.535,0.0138411914998
429,223.729,0.0142284153776
430,223.924,0.013595412779299999
431,224.124,0.0132973585372
432,224.324,0.014422512468299998
433,224.524,0.0138486289879
434,224.724,0.0140948376272
435,224.924,0.013194825056100002
436,225.128,0.013381774655
437,225.324,0.013980366190599999
438,225.528,0.013496491860799998
439,225.724,0.0140615995866
440,225.924,0.0141785770191
441,226.124,0.0151654120242
442,226.324,0.0127140707409
443,226.527,0.0146370143728
444,226.725,0.0145277324519
445,226.924,0.011709782097700001
446,227.131,0.0125284826743
447,227.324,0.0145263321003
448,227.529,0.014663337935899998
449,227.724,0.012444975937099999
450,227.924,0.0139086268104
451,228.125,0.0139848420061
452,228.323,0.014516297991899999
453,228.524,0.014251805556299998
454,228.723,0.0146264340551
455,228.924,0.013534877672200001
456,229.124,0.014183315723299998
457,229.325,0.0142126481093
458,229.525,0.014736311556599999
459,229.724,0.0135858933201
460,229.924,0.014912388259299999
461,230.124,0.014280494519700001
462,230.327,0.014147806886499999
463,230.53,0.0144778381522
464,230.724,0.0150424960049
465,230.924,0.014125536192100002
466,231.124,0.0125679444199
467,231.324,0.0145609245638
468,231.524,0.0134931657778
469,231.724,0.013562966924700002
470,231.925,0.013717208132
471,232.124,0.013523217731299999
472,232.323,0.012661718768
473,232.524,0.0124546001646
474,232.725,0.0127854815017
475,232.925,0.0136990423411
476,233.124,0.013959227428200001
477,233.325,0.014278137524700002
478,233.529,0.013159572692200002
479,233.723,0.013942308012
480,233.924,0.0127934858217
481,234.13,0.013444941943200001
482,234.324,0.0142366889795
483,234.526,0.0134583982112
484,234.724,0.0131626881333
485,234.925,0.0145708520199
486,235.124,0.013767981531100001
487,235.324,0.0137880439424
488,235.528,0.0130803258773
489,235.725,0.012953893461599999
490,235.925,0.0143364667476
491,236.124,0.0135039148505
492,236.324,0.0139912197649
493,236.529,0.014814143257
494,236.724,0.0137874454642
495,236.924,0.0136029058929
496,237.124,0.0141679319152
497,237.324,0.0128705682482
498,237.528,0.0145502207791
499,237.724,0.0146927169269
500,237.924,0.0146428931547
501,238.124,0.012908129752
502,238.324,0.014799441225100001
503,238.524,0.0134470655823
504,238.724,0.012746150753600001
505,238.924,0.013884063217599999
506,239.13,0.013689024561299999
507,239.324,0.0140262181152
508,239.525,0.0133732677633
509,239.724,0.013495423022100002
510,239.924,0.0131896498435
511,240.124,0.0136632171781
512,240.324,0.0140677356559
513,240.524,0.0140333119294
514,240.725,0.0124464866197
515,240.924,0.0142041683487
516,241.125,0.014436651057899999
517,241.324,0.0129868738438
518,241.524,0.0134749179767
519,241.724,0.0153502813659
520,241.924,0.013647987839200001
521,242.124,0.014948740916600001
522,242.327,0.0132384533224
523,242.524,0.0124528853459
524,242.724,0.0139604546756
525,242.924,0.013778159848
526,243.124,0.0128190782157
527,243.325,0.0139892623469
528,243.529,0.0137634179162
529,243.724,0.012190165700999999
530,243.924,0.013181296443
531,244.124,0.0141725914039
532,244.324,0.0140130956195
533,244.525,0.0147273420915
534,244.724,0.0145061468176
535,244.924,0.0135217364888
536,245.125,0.013199455088700001
537,245.325,0.013520644909600001
538,245.528,0.015086039303099999
539,245.725,0.0136812544621
540,245.924,0.015314264135399998
541,246.125,0.0139061894918
542,246.324,0.0144629039684
543,246.526,0.012897071917000002
544,246.724,0.014237981066700002
545,246.924,0.014462620377200001
546,247.124,0.0137276338548
547,247.324,0.0142396000981
548,247.526,0.0142518021172
549,247.723,0.0143203228712
550,247.924,0.0140678739252
551,248.13,0.014959824097
552,248.324,0.0151797713668
553,248.528,0.0148131820482
554,248.724,0.012247357031799999
555,248.924,0.0148746919626
556,249.124,0.0146556156722
557,249.324,0.0136555446182
558,249.524,0.0138842667294
559,249.724,0.014458590175700002
560,249.924,0.013950036862899999
561,250.124,0.0131287591554
562,250.324,0.013136368060600001
563,250.53,0.0139966434006
564,250.724,0.0144820545855
565,250.924,0.013222444104599999
566,251.125,0.014445612347500001
567,251.325,0.0147309139824
568,251.528,0.0151305995979
569,251.724,0.0140785965031
570,251.925,0.0140202391117
571,252.124,0.014127926578799998
572,252.324,0.0140692979546
573,252.524,0.0137244574162
574,252.725,0.0136576838396
575,252.924,0.013920178168899998
576,253.124,0.0143185649189
577,253.324,0.0136148325407
578,253.525,0.0144383657094
579,253.724,0.0129501713699
580,253.924,0.013168398593399999
581,254.124,0.0135544873671
582,254.325,0.013418823419899998
583,254.529,0.0135992983249
584,254.724,0.0152464402568
585,254.923,0.0141126976077
586,255.125,0.0127830193662
587,255.323,0.0122436781464
588,255.529,0.0123730602648
589,255.724,0.013424891174700002
590,255.924,0.014225280834600002
591,256.125,0.013723760641100001
592,256.328,0.0140384605632
593,256.524,0.0138613246887
594,256.725,0.0132621237878
595,256.924,0.013731518734799998
596,257.124,0.014468862901399999
597,257.327,0.0129705209773
598,257.526,0.012813663876200001
599,257.724,0.0149353789932
600,257.924,0.013506507883999999
601,258.124,0.0139264123829
602,258.33,0.0132286441423
603,258.524,0.0134868386019
604,258.724,0.0133909446741
605,258.924,0.014749153728799999
606,259.125,0.013992832560499999
607,259.324,0.0130622110561
608,259.525,0.0125877143536
609,259.724,0.012107443463899999
610,259.924,0.01361689233
611,260.124,0.014282041373000001
612,260.324,0.0127510192497
613,260.526,0.013695099808700002
614,260.724,0.014540728868499999
615,260.924,0.013209898127899999
616,261.124,0.0102809640224
617,261.324,0.014337772645
618,261.525,0.0140131214316
619,261.724,0.0134094300358
620,261.924,0.014317303048499999
621,262.124,0.013167627340500001
622,262.324,0.0142204592734
623,262.524,0.0141500142245
624,262.724,0.0135860521777
625,262.924,0.0131250190883
626,263.124,0.013940810345900001
627,263.324,0.0136117231804
628,263.524,0.013959334222899999
629,263.724,0.013989531771100001
630,263.924,0.011766195303
631,264.126,0.012880652035299998
632,264.324,0.014462074125999999
633,264.528,0.0135635828161
634,264.724,0.0135005446291
635,264.924,0.0139918936913
636,265.124,0.012739600667099999
637,265.324,0.0132948615875
638,265.524,0.0139314034397
639,265.724,0.0138974940632
640,265.924,0.0122535333033
641,266.124,0.0133736942034
642,266.324,0.0130852165484
643,266.524,0.013949306585
644,266.725,0.0144171070566
645,266.924,0.013295150396399998
646,267.124,0.0138358658109
647,267.324,0.013404526815
648,267.524,0.0134887385247
649,267.724,0.014776780447
650,267.924,0.0140071519945
651,268.124,0.0151839240424
652,268.326,0.014526190413600001
653,268.525,0.0139087337071
654,268.724,0.0138500011464
655,268.924,0.013633425436499999
656,269.124,0.0141653428932
657,269.324,0.0140135257613
658,269.525,0.0134928445961
659,269.724,0.013884236544299999
660,269.924,0.0135616095578
661,270.125,0.013486370899700001
662,270.324,0.012895861904200001
663,270.525,0.011973891527
664,270.724,0.013536785224899999
665,270.924,0.0140642707559
666,271.124,0.013704907509700002
667,271.324,0.014102729799899998
668,271.525,0.013393495797600002
669,271.724,0.012654745394700002
670,271.924,0.013111782094399999
671,272.124,0.013610152401399999
672,272.324,0.014915678862399999
673,272.525,0.013047792767299999
674,272.724,0.012288658902799999
675,272.925,0.0136120234182
676,273.124,0.0102552662012
677,273.324,0.012334091381700002
678,273.53,0.0108011242457
679,273.724,0.0131486008869
680,273.924,0.014144447406899999
681,274.125,0.013792321533899999
682,274.325,0.013855467927299999
683,274.524,0.0132595823656
684,274.724,0.0123224680174
685,274.924,0.013985398688100002
686,275.124,0.0137226039931
687,275.325,0.0128899488981
688,275.524,0.011609661484999999
689,275.724,0.013009186856500002
690,275.924,0.012868745117799998
691,276.125,0.0126211801625
692,276.324,0.0133706653667
693,276.524,0.01385032541
694,276.724,0.0138815095654
695,276.925,0.013404821484700001
696,277.124,0.013786206600200001
697,277.324,0.012989526902700001
698,277.529,0.0110927631958
699,277.725,0.013374937415799999
700,277.925,0.0115791699278
701,278.124,0.0111054006889
702,278.324,0.012567698486899998
703,278.524,0.011311088177100002
704,278.724,0.0132942449315
705,278.924,0.012532499285600001
706,279.124,0.011841743094799998
707,279.324,0.013984667473899998
708,279.526,0.014123994467
709,279.724,0.013421891059399999
710,279.924,0.012844111062200002
711,280.123,0.012841917328999999
712,280.324,0.0132739409853
713,280.523,0.0141573760761
714,280.728,0.012456735666200001
715,280.923,0.012860003431899998
716,281.124,0.013210127419600001
717,281.324,0.012601665467299999
718,281.524,0.0137250834045
719,281.725,0.0140548252551
720,281.924,0.013273497236200001
721,282.124,0.010093592269200001
722,282.324,0.0140481762543
723,282.527,0.011538908792099999
724,282.724,0.0122754021961
725,282.924,0.0136189471063
726,283.124,0.012303079165399999
727,283.324,0.011576050214799998
728,283.526,0.013744350090100001
729,283.724,0.00982593079677
730,283.924,0.0135998544741
731,284.125,0.013587679005200002
732,284.324,0.0116340767263
733,284.525,0.011448342024999999
734,284.725,0.0113379275159
735,284.924,0.01187623403
736,285.125,0.0116862916101
737,285.324,0.010674104113100002
738,285.525,0.013102023152100002
739,285.724,0.0132955130847
740,285.924,0.0134172711001
741,286.125,0.0134486230221
742,286.329,0.0137180072595
743,286.526,0.013833771248099999
744,286.724,0.0132607264661
745,286.924,0.011965196093
746,287.125,0.012250762367200001
747,287.328,0.0120874833131
748,287.524,0.0049815066241
749,287.724,0.0117964103719
750,287.924,0.014217428157299998
751,288.124,0.0131177435054
752,288.323,0.0138836811736
753,288.525,0.0116451691021
754,288.725,0.0122166636653
755,288.924,0.0133888723107
756,289.124,0.0114347789831
757,289.324,0.0100681749635
758,289.53,0.0122026771098
759,289.724,0.013453299283900001
760,289.924,0.012859747844499999
761,290.125,0.0133333764895
762,290.324,0.013015335344799999
763,290.532,0.0130947210251
764,290.73,0.0131686599004
765,290.924,0.0121074383577
766,291.124,0.012706459090700001
767,291.325,0.011928829468100002
768,291.524,0.0126975403605
769,291.724,0.012731385108399999
770,291.925,0.011453046672200002
771,292.124,0.0136115877128
772,292.324,0.0139217052443
773,292.528,0.012454269089799998
774,292.724,0.0116074881934
775,292.924,0.0136251339708
776,293.124,0.0123232286911
777,293.327,0.012895639042499999
778,293.525,0.010959256006100001
779,293.724,0.0120922514916
780,293.925,0.012732439987099999
781,294.124,0.0112469963506
782,294.325,0.0118049740551
783,294.525,0.0139227038794
784,294.724,0.0134431752951
785,294.928,0.00975230209699
786,295.131,0.011897916434500002
787,295.33,0.014061603723600002
788,295.527,0.0113987416035
789,295.729,0.009652046561690001
790,295.925,0.011319358481299998
791,296.124,0.011382615907299998
792,296.325,0.0123758448096
793,296.524,0.013050321955799998
794,296.724,0.0123823192199
795,296.925,0.011405283262200002
796,297.124,0.0112162925911
797,297.324,0.0140091462087
798,297.526,0.005628098951140001
799,297.725,0.012926705431200001
800,297.924,0.0138620433094
801,298.123,0.014300782257000001
802,298.327,0.012083357800300001
803,298.523,0.012796295767700002
804,298.728,0.0138596084494
805,298.924,0.010700167611
806,299.123,0.0133257670282
807,299.329,0.012741212494299999
808,299.525,0.013211944119799998
809,299.724,0.0128867573062
810,299.929,0.0135916841438
811,300.124,0.012984426960100002
812,300.328,0.0129549000736
813,300.529,0.013193807805299999
814,300.724,0.0130196818117
815,300.93,0.0130765611075
816,301.125,0.012678532973
817,301.328,0.013365316653200001
818,301.524,0.0120609119554
819,301.725,0.0131127224433
820,301.924,0.0121307001764
821,302.125,0.012411621954999999
822,302.325,0.013245126721600001
823,302.526,0.013097604801000001
824,302.724,0.012529822093100001
825,302.924,0.0143565875474
826,303.124,0.0133040916421
827,303.324,0.0140485299735
828,303.525,0.0135465566566
829,303.724,0.0118882272049
830,303.924,0.0102579551939
831,304.125,0.0130248680507
832,304.325,0.012665917315200002
833,304.524,0.0132177924922
834,304.725,0.010763456259899998
835,304.924,0.0129750517237
836,305.124,0.0115404980151
837,305.323,0.0116787002002
838,305.525,0.0129413292183
839,305.725,0.0126257700663
840,305.925,0.0120803783959
841,306.124,0.013584345575299998
842,306.324,0.013536870967
843,306.526,0.013703237302899999
844,306.724,0.00813697089116
845,306.924,0.0124819832119
846,307.124,0.012757371664499998
847,307.327,0.012030467525599999
848,307.524,0.011705324934200002
849,307.724,0.012539701674500001
850,307.928,0.011451474766
851,308.124,0.0144091966811
852,308.326,0.0121305269715
853,308.524,0.0106794152353
854,308.725,0.00867578960401
855,308.924,0.0128871331415
856,309.124,0.010938752703400001
857,309.325,0.0133475161357
858,309.524,0.012410298004
859,309.724,0.011456452826
860,309.924,0.0148201873991
861,310.124,0.0126959145427
862,310.324,0.011692068784
863,310.524,0.013269173617
864,310.724,0.0115808454513
865,310.924,0.0130172690289
866,311.124,0.0138583361928
867,311.328,0.012541385309899998
868,311.524,0.0128399937259
869,311.725,0.0128423805813
870,311.93,0.012258819818200001
871,312.124,0.0119303008529
872,312.325,0.00425034803852
873,312.534,0.00904685203668
874,312.724,0.0121730880433
875,312.924,0.0120448688997
876,313.125,0.011903352921299999
877,313.325,0.0138856543825
878,313.527,0.011719127892499999
879,313.724,0.0117208605225
880,313.924,0.010596651352799998
881,314.124,0.011358458186700001
882,314.331,0.010550529194200001
883,314.524,0.012075335670100001
884,314.725,0.012495804294700001
885,314.924,0.0106462021491
886,315.129,0.0129415104186
887,315.331,0.013306910376600001
888,315.528,0.0119487278394
889,315.724,0.012755790791799998
890,315.928,0.0110321438619
891,316.125,0.00905086114092
892,316.328,0.0128752940377
893,316.524,0.0123762957207
894,316.724,0.0123183274434
895,316.928,0.00362569543276
896,317.124,0.011222219522299999
897,317.329,0.0108616806002
898,317.528,0.010902383377399998
899,317.731,0.012279748358799998
900,317.924,0.0112495315435
901,318.128,0.013960301026
902,318.331,0.0118666422897
903,318.535,0.0043395292581000005
904,318.725,0.00562769812305
905,318.924,0.010393220836
906,319.125,0.0085873262381
907,319.328,0.005281216550149999
908,319.528,0.0131245188628
909,319.724,0.0123294079868
910,319.928,0.0141773271821
911,320.124,0.0130445514368
912,320.329,0.013938028493899999
913,320.529,0.0127893564377
914,320.727,0.0119126468154
915,320.925,0.0135177306071
916,321.129,0.0128097439083
917,321.327,0.0120288883534
918,321.53,0.0107281297025
919,321.732,0.010740825280599999
920,321.928,0.0122439430461
921,322.124,0.0114121725172
922,322.325,0.011060935458899999
923,322.527,0.011879160076899998
924,322.724,0.013617664828500001
925,322.928,0.013503345869700001
926,323.126,0.010538068060700002
927,323.329,0.00816565873005
928,323.529,0.005380977661840001
929,323.725,0.0126575075622
930,323.925,0.008436353552569999
931,324.125,0.0132341391907
932,324.328,0.0120017168368
933,324.528,0.0105258078734
934,324.725,0.0121676817863
935,324.924,0.008824615504889999
936,325.124,0.012122062905700002
937,325.329,0.0134909703443
938,325.525,0.012542527292
939,325.728,0.013174792842800001
940,325.926,0.0126043252125
941,326.128,0.00604273314519
942,326.329,0.0121659803707
943,326.525,0.013617103391799999
944,326.725,0.00521162649894
945,326.93,0.00848481744995
946,327.126,0.0117146250676
947,327.328,0.00566035777888
948,327.53,0.0102958571814
949,327.728,0.0125547822305
950,327.93,0.0118820368383
951,328.136,0.008662132043709999
952,328.326,0.0121121560748
953,328.526,0.00736546804431
954,328.724,0.012400303546899999
955,328.928,0.012641375841999999
956,329.127,0.012515274135399998
957,329.324,0.0107176505663
958,329.528,0.005549777608959999
959,329.725,0.00513637331864
960,329.93,0.012936858214700002
961,330.129,0.0118095818132
962,330.325,0.00714354700108
963,330.528,0.00863643361398
964,330.725,0.0133332129574
965,330.927,0.0104868329721
966,331.125,0.0109347706167
967,331.324,0.0109853436827
968,331.529,0.011754513324599999
969,331.733,0.00989827665353
970,331.925,0.012349786666200001
971,332.124,0.0125196012664
972,332.324,0.0119362277871
973,332.526,0.009650724784879999
974,332.724,0.00403470421908
975,332.929,0.009030993568750001
976,333.124,0.00915560010041
977,333.324,0.0108240805009
978,333.53,0.0127238411758
979,333.728,0.009979457769530001
980,333.924,0.011879974112
981,334.128,0.011699279955299999
982,334.324,0.00458219817842
983,334.531,0.012209452458500001
984,334.726,0.012936304584899999
985,334.924,0.0106949372299
986,335.129,0.0121408784258
987,335.324,0.0115833569249
988,335.524,0.011040261604
989,335.726,0.0129630128611
990,335.931,0.013366458751000001
991,336.128,0.0073374428339600005
992,336.329,0.0109947038983
993,336.525,0.00758540118687
994,336.729,0.0133610780925
995,336.929,0.0108390696586
996,337.129,0.00972099018554
997,337.324,0.005899986915130001
998,337.524,0.0130386044675
999,337.724,0.0100742179893
1000,337.924,0.0114766270773
1001,338.129,0.0113942674678
1002,338.33,0.0108302193341
1003,338.526,0.0123822765732
1004,338.725,0.013294895659299998
1005,338.925,0.0136102474114
1006,339.125,0.009818977322040002
1007,339.324,0.0103793880603
1008,339.526,0.0119903375145
1009,339.724,0.0104328577339
1010,339.928,0.012436740526900001
1011,340.124,0.0135164249682
1012,340.328,0.0086245791185
1013,340.524,0.013767550319100002
1014,340.728,0.011989271713900001
1015,340.929,0.00460665086931
1016,341.125,0.010575814843099999
1017,341.324,0.012877032617
1018,341.527,0.0134395091207
1019,341.725,0.00875672683311
1020,341.925,0.0128899265912
1021,342.125,0.011855688764899999
1022,342.327,0.0128711906091
1023,342.525,0.00997247455042
1024,342.724,0.0114160621101
1025,342.924,0.0136362046677
1026,343.129,0.00975991396858
1027,343.325,0.013687742891500002
1028,343.527,0.0126448462395
1029,343.725,0.012809883503700001
1030,343.924,0.0048311771182
1031,344.125,0.011690128026999999
1032,344.325,0.0126094976549
1033,344.525,0.011337087377
1034,344.724,0.012692201247
1035,344.926,0.00909144910187
1036,345.125,0.011997325298600002
1037,345.329,0.010683502871600001
1038,345.525,0.00418996978617
1039,345.724,0.009031375053280001
1040,345.924,0.0075014379577
1041,346.124,0.0107871739089
1042,346.328,0.0120529105725
1043,346.525,0.013953972050000001
1044,346.725,0.00941976342386
1045,346.924,0.007311025732239999
1046,347.125,0.012126410567000001
1047,347.326,0.00783538289853
1048,347.525,0.010786005106600001
1049,347.725,0.0123679437012
1050,347.929,0.0117148894638
1051,348.13,0.00962872583178
1052,348.329,0.012917064473399999
1053,348.529,0.012541895034799999
1054,348.729,0.010429972548
1055,348.925,0.00892850913129
1056,349.125,0.00726112373223
1057,349.328,0.0119604561735
1058,349.526,0.00742044851308
1059,349.725,0.00358380554458
1060,349.926,0.00352088485199
1061,350.125,0.0034522533130700002
1062,350.327,0.0035690126789699995
1063,350.524,0.00335100919467
1064,350.728,0.00348917939959
1065,350.929,0.0035763759125900002
1066,351.125,0.00518924515186
1067,351.332,0.00759126036455
1068,351.53,0.0113154703877
1069,351.729,0.012176307912600002
1070,351.925,0.00524709369705
1071,352.125,0.010632192351899999
1072,352.326,0.012424391832600001
1073,352.525,0.0103867175518
1074,352.724,0.00403687740827
1075,352.926,0.0108872681397
1076,353.124,0.00451977842852
1077,353.325,0.00873558682748
1078,353.525,0.006710106760689999
1079,353.729,0.011796778651999998
1080,353.929,0.012387411543100002
1081,354.13,0.011625712397200002
1082,354.329,0.0131788560739
1083,354.524,0.00525085029422
1084,354.727,0.011455725322
1085,354.925,0.00875723996154
1086,355.125,0.012163855048100001
1087,355.325,0.0102761574022
1088,355.525,0.010924273614799999
1089,355.724,0.0101054335787
1090,355.925,0.0127684591552
1091,356.124,0.0121941988283
1092,356.329,0.0134494861125
1093,356.529,0.00840609772067
1094,356.725,0.0102098598176
1095,356.928,0.00891782847948
1096,357.13,0.0118580124432
1097,357.328,0.00550531016053
1098,357.529,0.010992543262399998
1099,357.724,0.013150028639400001
1100,357.925,0.00317855026315
1101,358.124,0.0135808371152
1102,358.329,0.010881008894200002
1103,358.525,0.012456274497400001
1104,358.725,0.0117278995436
1105,358.924,0.013193013259999999
1106,359.125,0.00534277662933
1107,359.324,0.0130067615976
1108,359.525,0.012525969506800001
1109,359.724,0.0082201324433
1110,359.929,0.0116962974499
1111,360.124,0.0127448764395
1112,360.325,0.0074614043255600004
1113,360.527,0.0115347128322
1114,360.729,0.012902178127600002
1115,360.926,0.00933789015968
1116,361.125,0.0133492091514
1117,361.324,0.0111305134298
1118,361.525,0.0104154444744
1119,361.727,0.0127541388885
1120,361.925,0.0123365842007
1121,362.124,0.008597119499799999
1122,362.329,0.0120194804807
1123,362.525,0.012568301601899999
1124,362.725,0.00524614403515
1125,362.928,0.013175906711799999
1126,363.125,0.00500827909073
1127,363.324,0.005533407588140001
1128,363.525,0.011138118654200002
1129,363.726,0.010416762575600001
1130,363.925,0.00766543485092
1131,364.126,0.013022484697700001
1132,364.324,0.011949480605200001
1133,364.525,0.0111327340493
1134,364.725,0.00497840112307
1135,364.928,0.013232945006500001
1136,365.125,0.0109892349612
1137,365.325,0.012417193076799999
1138,365.524,0.009610814696809999
1139,365.725,0.00519051189631
1140,365.929,0.006174773617189999
1141,366.125,0.0118562411038
1142,366.324,0.013023197886399999
1143,366.528,0.0129098922134
1144,366.724,0.011147585917400001
1145,366.925,0.0106322315711
1146,367.127,0.0119268874581
1147,367.325,0.0118886571092
1148,367.525,0.0114160024403
1149,367.725,0.010827652426
1150,367.925,0.009947063919190001
1151,368.125,0.0126137353324
1152,368.325,0.005418379101
1153,368.528,0.0132848019786
1154,368.729,0.010902453243100001
1155,368.928,0.0071245884150699995
1156,369.125,0.00780175322773
1157,369.325,0.0116482069212
1158,369.525,0.00913615907058
1159,369.724,0.012745718983700001
1160,369.925,0.0132540968539
1161,370.125,0.0112792210395
1162,370.325,0.011327199954999999
1163,370.525,0.00439048886226
1164,370.725,0.004596300623050001
1165,370.924,0.0048769399277499995
1166,371.132,0.00450065587178
1167,371.324,0.010195415039299998
1168,371.525,0.00483329230123
1169,371.724,0.0126833760984
1170,371.925,0.0121660183566
1171,372.125,0.0101084548066
1172,372.325,0.013440175931200001
1173,372.525,0.010699007757899998
1174,372.725,0.00447415161785
1175,372.925,0.00429693998075
1176,373.125,0.00416097181269
1177,373.324,0.00419739155593
1178,373.525,0.012237123359700001
1179,373.725,0.00905869200309
1180,373.925,0.0108428325622
1181,374.125,0.012285736034600002
1182,374.325,0.00720150552286
1183,374.525,0.00485978769351
1184,374.724,0.012646851839600001
1185,374.925,0.00471960020783
1186,375.125,0.00296972281591
1187,375.324,0.00478084985887
1188,375.524,0.012615628790599999
1189,375.725,0.0111467472521
1190,375.925,0.00501029454326
1191,376.125,0.0110169323481
1192,376.325,0.0122914665726
1193,376.525,0.0123731124052
1194,376.725,0.0113337238124
1195,376.925,0.012208849254299999
1196,377.125,0.0118660938493
1197,377.325,0.0132421767148
1198,377.525,0.0119238593819
1199,377.724,0.011757194625699999
1200,377.928,0.0103582625796
1201,378.13,0.012287774342
1202,378.329,0.0127793586751
1203,378.526,0.0110656551117
1204,378.725,0.0102620455328
1205,378.925,0.0124862159759
1206,379.125,0.0123219980717
1207,379.329,0.0122150477559
1208,379.529,0.012792380994599999
1209,379.725,0.00482915774341
1210,379.924,0.006951051110149999
1211,380.125,0.00949406067357
1212,380.325,0.00392244981877
1213,380.525,0.013071247103600001
1214,380.724,0.00432793086151
1215,380.926,0.012218048705200001
1216,381.124,0.009293730195290001
1217,381.328,0.00389271328309
1218,381.525,0.0038150990648900002
1219,381.726,0.0100570464843
1220,381.925,0.010398732715299999
1221,382.125,0.00497114598743
1222,382.325,0.005760770934510001
1223,382.524,0.009810522983299999
1224,382.726,0.011915328883700001
1225,382.924,0.011875068572700001
1226,383.125,0.0025971024436399997
1227,383.325,0.010647442016600001
1228,383.525,0.012113480220000002
1229,383.725,0.00521465690466
1230,383.924,0.0031575557873200003
1231,384.125,0.0029273150316100004
1232,384.325,0.00516065844933
1233,384.525,0.010204764712700001
1234,384.724,0.00630957127909
1235,384.925,0.0111492681794
1236,385.125,0.0068533004614
1237,385.325,0.0140700982911
1238,385.524,0.0103949880331
1239,385.725,0.006178467121660001
1240,385.925,0.0124133857173
1241,386.125,0.012697231143200002
1242,386.324,0.0107520491154
1243,386.528,0.00666482237854
1244,386.725,0.00806739160404
1245,386.925,0.010542035040500001
1246,387.124,0.00426168805103
1247,387.325,0.00399596514037
1248,387.525,0.00396555733908
1249,387.725,0.0034258517755900004
1250,387.926,0.00842138435112
1251,388.124,0.00488564467092
1252,388.325,0.0116626219157
1253,388.524,0.005445659187510001
1254,388.725,0.0030605622231700005
1255,388.925,0.00282033356771
1256,389.124,0.0125334182559
1257,389.325,0.0101393309904
1258,389.526,0.00411054846442
1259,389.726,0.010987396703800001
1260,389.927,0.0101388302684
1261,390.125,0.012402351749
1262,390.325,0.00568418670834
1263,390.524,0.00944049910581
1264,390.724,0.004348811107189999
1265,390.925,0.004756350218590001
1266,391.125,0.0118566756683
1267,391.325,0.0036313086117600005
1268,391.529,0.007270070710479999
1269,391.724,0.0116611825267
1270,391.924,0.00231419518235
1271,392.125,0.012709332351500001
1272,392.325,0.0109611723783
1273,392.524,0.01159311301
1274,392.724,0.0023475348945100004
1275,392.924,0.006656571352949999
1276,393.125,0.00657187233178
1277,393.329,0.0115852013625
1278,393.528,0.00651830315405
1279,393.725,0.0035485295567499998
1280,393.924,0.00441228993384
1281,394.124,0.009844676599260001
1282,394.325,0.0031756948714600003
1283,394.525,0.00887920903155
1284,394.724,0.011273781182799997
1285,394.924,0.0120773827697
1286,395.125,0.0116311736436
1287,395.325,0.012001296187
1288,395.525,0.010761758084100001
1289,395.725,0.011169780395
1290,395.926,0.0014655229476
1291,396.124,0.005116795827520001
1292,396.325,0.011863258115700001
1293,396.525,0.011615925267000001
1294,396.724,0.008791803590149999
1295,396.925,0.0116339148374
1296,397.125,0.011949224055099999
1297,397.325,0.0111181482748
1298,397.528,0.0057673578624399995
1299,397.725,0.00387285346298
1300,397.925,0.002777520174
1301,398.126,0.0025128968809000002
1302,398.324,0.0025753917058499998
1303,398.525,0.0025898354793200003
1304,398.724,0.00239727976719
1305,398.926,0.0127453693108
1306,399.125,0.0112598758533
1307,399.325,0.012377260570100001
1308,399.525,0.006584275688939999
1309,399.725,0.0124435461598
1310,399.925,0.0114375334601
1311,400.124,0.00842083021765
1312,400.325,0.00887079052391
1313,400.524,0.00642346227392
1314,400.725,0.00453809073754
1315,400.924,0.011937801373
1316,401.125,0.005912451556619999
1317,401.324,0.009676807481790001
1318,401.527,0.00401313012022
1319,401.726,0.00378877001193
1320,401.925,0.0037805654004299995
1321,402.125,0.0026611331770999996
1322,402.325,0.011180599240000002
1323,402.525,0.00709667823406
1324,402.725,0.00945234635892
1325,402.924,0.0100146537745
1326,403.125,0.011318552669600001
1327,403.324,0.0108268297435
1328,403.528,0.00895614162907
1329,403.724,0.011024408002200002
1330,403.925,0.005708284465939999
1331,404.125,0.012668737389799999
1332,404.326,0.00936934723617
1333,404.526,0.0038598054451599996
1334,404.725,0.00401375413007
1335,404.925,0.005102127557989999
1336,405.125,0.00946682332115
1337,405.325,0.0125395083814
1338,405.525,0.00484670800152
1339,405.729,0.007567771984079999
1340,405.925,0.008658209201469999
1341,406.125,0.00364272846702
1342,406.325,0.0112790010452
1343,406.525,0.0107685368457
1344,406.726,0.0064286547797999995
1345,406.925,0.00463405421029
1346,407.126,0.00668965055638
1347,407.325,0.0034619339217
1348,407.525,0.00338559497427
1349,407.725,0.00515655478825
1350,407.925,0.0105915648592
1351,408.124,0.004875117122189999
1352,408.326,0.00963554648395
1353,408.525,0.008640056005219998
1354,408.725,0.00435300685333
1355,408.925,0.011692633604899999
1356,409.125,0.0115824929299
1357,409.325,0.0102075817758
1358,409.525,0.004162635484929999
1359,409.725,0.0048710539691
1360,409.925,0.0120796877839
1361,410.124,0.00547818598979
1362,410.325,0.00336578548796
1363,410.524,0.00501764070625
1364,410.725,0.0030787492735300003
1365,410.925,0.00239908477929
1366,411.125,0.00244958368848
1367,411.325,0.00215580679202
1368,411.526,0.00212632396774
1369,411.725,0.0024221742975500003
1370,411.924,0.0022549534864499997
1371,412.125,0.0055509575860100005
1372,412.325,0.013319098721200002
1373,412.525,0.00531727773681
1374,412.725,0.0101110255046
1375,412.925,0.00714017079455
1376,413.125,0.00356248683502
1377,413.325,0.00343243041879
1378,413.525,0.00170396221372
1379,413.725,0.00133498043056
1380,413.926,0.0014955048894899998
1381,414.125,0.00151372507568
1382,414.328,0.0015606764039300001
1383,414.525,0.0015354207555199999
1384,414.725,0.00150802635697
1385,414.925,0.0016259149120699998
1386,415.125,0.0013932571607200002
1387,415.326,0.0016075109148400001
1388,415.525,0.00150321054394
1389,415.725,0.0014579257677099998
1390,415.925,0.00157569282129
1391,416.125,0.0016152846678699998
1392,416.325,0.00156785909812
1393,416.526,0.0015466207547
1394,416.733,0.0016035812253399999
1395,416.924,0.0015811579478599998
1396,417.125,0.0016025191821900002
1397,417.325,0.00149636862035
1398,417.525,0.00158116204088
1399,417.726,0.0016616476715299998
1400,417.925,0.00150115421397
1401,418.125,0.00154089407396
1402,418.325,0.0016028579666199998
1403,418.525,0.00162006070587
1404,418.725,0.0014747246355099998
1405,418.925,0.00155111954895
1406,419.125,0.00154289715958
1407,419.325,0.0015436117361600002
1408,419.525,0.0015184297226900003
1409,419.725,0.0013506963087
1410,419.925,0.000883101578941
1411,420.126,0.00069813467588
1412,420.325,0.00108439659348
1413,420.525,0.0011088619009899999
1414,420.725,0.0011462015946099998
1415,420.925,0.00103262019234
1416,421.125,0.00112998331741
1417,421.327,0.0011367073559400002
1418,421.525,0.0010943160957999998
1419,421.725,0.00105259828767
1420,421.926,0.00102806937896
1421,422.125,0.00520932757064
1422,422.324,0.0070866423493
1423,422.525,0.004948793684270001
1424,422.725,0.00898201548138
1425,422.924,0.0109643301428
1426,423.125,0.0036067133722399998
1427,423.325,0.0118323978648
1428,423.525,0.004598096256689999
1429,423.725,0.00457807954488
1430,423.925,0.0043727202425800004
1431,424.125,0.00462847303093
1432,424.325,0.00330440854353
1433,424.525,0.0112716000705
1434,424.725,0.00762674371797
1435,424.925,0.00526952673909
1436,425.125,0.0114813557742
1437,425.325,0.004527875240199999
1438,425.525,0.0043276081048900005
1439,425.725,0.00440609932351
1440,425.925,0.0043538044058500005
1441,426.125,0.007022082325159999
1442,426.325,0.0040265315758400005
1443,426.525,0.011011457515499999
1444,426.725,0.00380977220113
1445,426.925,0.012371257816
1446,427.125,0.00486452482794
1447,427.325,0.012701281294100001
1448,427.527,0.0105172172154
1449,427.725,0.00499811420659
1450,427.925,0.011693919584999999
1451,428.125,0.012912046600299999
1452,428.325,0.00513122140245
1453,428.525,0.00311939373838
1454,428.725,0.00476276697978
1455,428.925,0.012164933293299998
1456,429.125,0.004870934110399999
1457,429.325,0.0033376229399699996
1458,429.525,0.012744312524999999
1459,429.725,0.007079372022310001
1460,429.924,0.0109749760273
1461,430.124,0.0040042094238800004
1462,430.325,0.00293457598935
1463,430.525,0.0028435155268200004
1464,430.725,0.0029319952377199997
1465,430.925,0.00313144812475
1466,431.125,0.0030967055492800003
1467,431.325,0.0038443763537
1468,431.525,0.00242396969167
1469,431.725,0.0024968557902600003
1470,431.925,0.00239475941439
1471,432.125,0.00227326067044
1472,432.325,0.00514679586356
1473,432.525,0.0030217372471599995
1474,432.725,0.0028362467964799997
1475,432.925,0.0050237080683800004
1476,433.125,0.00539785798041
1477,433.325,0.0033635157404000005
1478,433.53,0.00324033164977
1479,433.725,0.0031013395623899994
1480,433.925,0.00302935953346
1481,434.124,0.00321686903192
1482,434.325,0.005345943810010001
1483,434.525,0.0105356970297
1484,434.725,0.011286007522299999
1485,434.925,0.00844382682693
1486,435.125,0.00380622093411
1487,435.325,0.0112155168838
1488,435.525,0.010216876266
1489,435.725,0.0080630665669
1490,435.925,0.00824068220502
1491,436.124,0.012108807508200002
1492,436.325,0.0106899864068
1493,436.528,0.00422316774061
1494,436.725,0.0024531857489499998
1495,436.925,0.00950771840361
1496,437.125,0.00795092134343
1497,437.325,0.0115857968041
1498,437.525,0.0100714032829
1499,437.725,0.00803761153764
1500,437.925,0.00827609609653
1501,438.125,0.005370556970930001
1502,438.325,0.00316861304622
1503,438.526,0.00317658253783
1504,438.725,0.008416706496709999
1505,438.927,0.00534560377873
1506,439.125,0.00993576531226
1507,439.324,0.0111453211051
1508,439.525,0.0045532305679
1509,439.725,0.0046131514230100005
1510,439.925,0.0032198591234600003
1511,440.125,0.00529620168986
1512,440.325,0.00414697733206
1513,440.525,0.00295729075223
1514,440.725,0.00263193194227
1515,440.925,0.0027663985344899998
1516,441.125,0.00231838195944
1517,441.325,0.0026745163804299996
1518,441.534,0.00264411099739
1519,441.724,0.00275397058154
1520,441.925,0.0026923265325799997
1521,442.124,0.00291440944952
1522,442.326,0.0025166898497
1523,442.524,0.0024286735734299998
1524,442.726,0.0024275787591599997
1525,442.927,0.00278679023507
1526,443.125,0.00243396857556
1527,443.325,0.0027015022518000003
1528,443.525,0.00291584728687
1529,443.726,0.00292312206727
1530,443.925,0.0091479889361
1531,444.125,0.00235870039146
1532,444.325,0.00215564020553
1533,444.526,0.010797228253799997
1534,444.725,0.00433698332807
1535,444.925,0.004308409976109999
1536,445.125,0.00418159409814
1537,445.325,0.00421821120274
1538,445.525,0.00872475445608
1539,445.725,0.00367301346327
1540,445.929,0.0036681953533099997
1541,446.128,0.0110141357225
1542,446.325,0.00450671705949
1543,446.526,0.0045547935636000006
1544,446.725,0.00448775740609
1545,446.925,0.00453049154918
1546,447.125,0.00434727822153
1547,447.326,0.004498814315069999
1548,447.525,0.00471102510286
1549,447.724,0.004697845921810001
1550,447.925,0.0044786083795399995
1551,448.125,0.00428005052598
1552,448.325,0.00465040352837
1553,448.525,0.0041174404889899995
1554,448.733,0.00465229481167
1555,448.925,0.00437771843776
1556,449.127,0.00443617924417
1557,449.325,0.004421199948310001
1558,449.525,0.0045468205679
1559,449.726,0.00450021295676
1560,449.925,0.00464504040585
1561,450.126,0.00441105159726
1562,450.325,0.00442601227507
1563,450.525,0.00457704874912
1564,450.725,0.006337262752149999
1565,450.925,0.00999303846858
1566,451.126,0.00429919567935
1567,451.327,0.0035860211157399996
1568,451.525,0.0084728552751
1569,451.725,0.0037559540382900002
1570,451.925,0.00358421106761
1571,452.126,0.0035902398813899995
1572,452.326,0.00351739307463
1573,452.525,0.00362015793449
1574,452.725,0.00345363698095
1575,452.925,0.0036890548871399997
1576,453.125,0.012143905444600001
1577,453.325,0.00468878996389
1578,453.525,0.0043438848511499996
1579,453.725,0.0116435186891
1580,453.926,0.005390500456770001
1581,454.128,0.012315553453600001
1582,454.325,0.00973874578511
1583,454.525,0.00516531798543
1584,454.725,0.00528719894094
1585,454.925,0.011872451606199999
1586,455.125,0.009663153727950001
1587,455.325,0.00413526130228
1588,455.525,0.003978355792510001
1589,455.725,0.00840601282072
1590,455.926,0.00373023265435
1591,456.124,0.0035959491748200002
1592,456.327,0.00355526622135
1593,456.525,0.00354058360698
1594,456.724,0.00358054519386
1595,456.93,0.0037034701806799995
1596,457.125,0.00366732608616
1597,457.325,0.00360610306466
1598,457.525,0.0036081527690399995
1599,457.727,0.00369372705846
1600,457.925,0.00943953287294
1601,458.125,0.00578033196571
1602,458.325,0.00667438009448
1603,458.526,0.0046357332277600005
1604,458.725,0.0111449224569
1605,458.925,0.011222426963799999
1606,459.13,0.00966692201003
1607,459.325,0.0116029452009
1608,459.528,0.0041183863222
1609,459.725,0.0040583225932700005
1610,459.925,0.00402046768041
1611,460.126,0.0038693568796
1612,460.325,0.0045815116480699995
1613,460.525,0.0029013713842800004
1614,460.725,0.0024405538984
1615,460.925,0.00273735417674
1616,461.125,0.00281525008319
1617,461.325,0.00278301854717
1618,461.524,0.0030485386143400003
1619,461.725,0.00267856572729
1620,461.925,0.00271874119675
1621,462.125,0.0028012101583000004
1622,462.324,0.0027411310909699997
1623,462.525,0.00279207656071
1624,462.725,0.0028188943888600004
1625,462.925,0.0030733575387399997
1626,463.125,0.00259751959677
1627,463.325,0.0026318744217600004
1628,463.524,0.0049443973892200005
1629,463.725,0.0102422537722
1630,463.924,0.011400327232600002
1631,464.125,0.00972182013717
1632,464.329,0.004207872230199999
1633,464.525,0.00412620453398
1634,464.725,0.00187159090539
1635,464.925,0.006690552361229999
1636,465.125,0.00320457318786
1637,465.325,0.0027752278288200004
1638,465.525,0.00828146646194
1639,465.725,0.0073354341729
1640,465.925,0.00737503274888
1641,466.125,0.006559590180959999
1642,466.325,0.0036141979149799997
1643,466.525,0.00329638635921
1644,466.725,0.013699196431599999
1645,466.924,0.00484104887084
1646,467.125,0.00631054716686
1647,467.325,0.008709822341790002
1648,467.526,0.00520772295161
1649,467.724,0.0031402617477399994
1650,467.934,0.00422131240507
1651,468.124,0.005152995744270001
1652,468.325,0.007533362486280001
1653,468.524,0.00971329631801
1654,468.726,0.0111940894673
1655,468.928,0.0100520544177
1656,469.125,0.009107806666440002
1657,469.325,0.00383212477137
1658,469.526,0.00989344115812
1659,469.725,0.0122713710301
1660,469.925,0.00490657388475
1661,470.125,0.004599285405770001
1662,470.326,0.00448964589725
1663,470.525,0.00449337993649
1664,470.725,0.00473534695178
1665,470.925,0.0045128490103599995
1666,471.126,0.00445420176991
1667,471.326,0.00449114795625
1668,471.525,0.00290311281762
1669,471.727,0.00266955907824
1670,471.926,0.0028138359769699995
1671,472.131,0.0026959122188800005
1672,472.326,0.00497285082924
1673,472.525,0.00341674020526
1674,472.725,0.0030258264875699997
1675,472.926,0.0031191876927399997
1676,473.126,0.00906551289341
1677,473.325,0.0127540567235
1678,473.525,0.00533315781646
1679,473.725,0.00330651436861
1680,473.925,0.00846269332924
1681,474.125,0.008007900111069999
1682,474.324,0.013371080750200002
1683,474.525,0.0051208868704
1684,474.725,0.008822576562440001
1685,474.925,0.0038532361943399997
1686,475.126,0.00377630949294
1687,475.325,0.008323368078550001
1688,475.525,0.00381592089239
1689,475.725,0.0036504743693999996
1690,475.925,0.0036602986907899996
1691,476.125,0.00350840362999
1692,476.326,0.00508719378766
1693,476.525,0.00273685171707
1694,476.725,0.00259964630881
1695,476.926,0.0028231206515599997
1696,477.125,0.00254023550296
1697,477.326,0.00247695052932
1698,477.525,0.0027238945178100003
1699,477.727,0.00265688583254
1700,477.925,0.0027311068185500004
1701,478.125,0.0027459226810099997
1702,478.325,0.0026832045396900004
1703,478.525,0.0025242294840100003
1704,478.725,0.00267342138401
1705,478.926,0.0029815865845500005
1706,479.125,0.0028719467318899998
1707,479.325,0.00275160832344
1708,479.525,0.0024530985751300004
1709,479.729,0.0030376759555900005
1710,479.925,0.00255275926856
1711,480.124,0.00271500485197
1712,480.325,0.00279149811883
1713,480.525,0.0027302370920599998
1714,480.725,0.0025211320897499997
1715,480.925,0.0028627071322699996
1716,481.125,0.00281231764316
1717,481.325,0.00268582491183
1718,481.525,0.00261874508805
1719,481.725,0.00275309200075
1720,481.924,0.0027387300166199996
1721,482.125,0.00300548494236
1722,482.326,0.00253063754537
1723,482.525,0.0028393457293200003
1724,482.725,0.0026817927496799996
1725,482.925,0.0026121712187
1726,483.125,0.00262571597243
1727,483.326,0.00282662587062
1728,483.525,0.00259722374362
1729,483.728,0.0029676541842800002
1730,483.924,0.00274726366851
1731,484.125,0.0025728616155100002
1732,484.325,0.00291613264678
1733,484.525,0.00254707888596
1734,484.724,0.00301051931721
1735,484.926,0.00273772874145
1736,485.125,0.00267900927776
1737,485.326,0.002477969421
1738,485.526,0.00271917086074
1739,485.725,0.0029307471668100003
1740,485.925,0.0027064666486700003
1741,486.125,0.0027241975945900003
1742,486.325,0.00291701194088
1743,486.53,0.0029154614715999998
1744,486.725,0.00261324763261
1745,486.925,0.0026668922292700003
1746,487.125,0.0029258046124499997
1747,487.325,0.00279614979025
1748,487.525,0.0029271595764699997
1749,487.725,0.00272103412311
1750,487.925,0.00290065624424
1751,488.125,0.0027660052782199998
1752,488.326,0.00299624846249
1753,488.525,0.0030792356908499996
1754,488.728,0.00288518391145
1755,488.925,0.00283061963869
1756,489.125,0.00266705175177
1757,489.325,0.00290477125436
1758,489.525,0.0025583681752399997
1759,489.725,0.0026590469446599995
1760,489.926,0.00271136544866
1761,490.125,0.00266751416881
1762,490.326,0.00255836587164
1763,490.525,0.0026153656720500004
1764,490.725,0.0026490229184899998
1765,490.925,0.00281748159696
1766,491.125,0.0025514822152
1767,491.325,0.00253935000252
1768,491.525,0.00277539653866
1769,491.725,0.00290256312386
1770,491.925,0.0025833044624600002
