,Elapsed_Time,Data
0,0.0,1.00244311667e-05
1,0.183,1.00314831667e-05
2,0.377,9.98177016667e-06
3,0.577,1.00039248333e-05
4,0.777,1.01134035833e-05
5,0.983,1.00423782083e-05
6,1.184,1.00694943333e-05
7,1.377,1.0043883499999999e-05
8,1.578,1.00728936667e-05
9,1.778,1.00367749167e-05
10,1.983,1.0021361625e-05
11,2.177,1.00658620417e-05
12,2.378,1.00745133333e-05
13,2.578,1.00024015e-05
14,2.778,1.00454826667e-05
15,2.982,1.00462713333e-05
16,3.177,1.00250108333e-05
17,3.378,1.0055503e-05
18,3.577,9.994804625e-06
19,3.777,9.989211583330001e-06
20,3.981,1.00453955e-05
21,4.177,1.00190018333e-05
22,4.378,1.00216295e-05
23,4.58,1.00585172083e-05
24,4.778,9.974842e-06
25,4.98,9.970026e-06
26,5.178,9.98465133333e-06
27,5.378,1.0013023e-05
28,5.577,9.909628458330001e-06
29,5.777,1.00107950833e-05
30,5.982,9.94281816667e-06
31,6.177,9.93090404167e-06
32,6.377,9.97292816667e-06
33,6.577,9.955275124999999e-06
34,6.777,9.93093766667e-06
35,6.979,9.96691166667e-06
36,7.177,9.97162633333e-06
37,7.377,9.87727933333e-06
38,7.577,9.899495125e-06
39,7.778,9.863541333330001e-06
40,7.982,9.865014416669999e-06
41,8.177,9.87631016667e-06
42,8.377,9.82973983333e-06
43,8.577,9.86700341667e-06
44,8.777,9.84107833333e-06
45,8.978,9.886855666669999e-06
46,9.177,9.94531854167e-06
47,9.378,9.8646135e-06
48,9.578,9.88896666667e-06
49,9.777,9.8640115e-06
50,9.982,9.87295533333e-06
51,10.178,9.857134833330001e-06
52,10.377,9.872183e-06
53,10.578,9.88519166667e-06
54,10.778,9.861907e-06
55,10.978,9.882183250000001e-06
56,11.177,9.826046999999999e-06
57,11.377,9.853533125e-06
58,11.578,9.8003635e-06
59,11.778,9.795148249999999e-06
60,11.982,9.82855683333e-06
61,12.177,9.77879083333e-06
62,12.377,9.79279645833e-06
63,12.577,9.85938083333e-06
64,12.778,9.690557458330001e-06
65,12.978,9.84131229167e-06
66,13.179,9.82742079167e-06
67,13.377,9.793986e-06
68,13.578,9.801326916669999e-06
69,13.777,9.799882e-06
70,13.978,9.854188e-06
71,14.178,9.89573066667e-06
72,14.377,9.86116554167e-06
73,14.578,9.78081833333e-06
74,14.778,9.85958004167e-06
75,14.984,9.82421633333e-06
76,15.177,9.79196995833e-06
77,15.377,9.74634366667e-06
78,15.577,9.64602983333e-06
79,15.782,9.76518383333e-06
80,15.981,9.78800983333e-06
81,16.177,9.78428479167e-06
82,16.377,9.674665875e-06
83,16.578,9.71597266667e-06
84,16.777,9.75599216667e-06
85,16.981,9.75219116667e-06
86,17.177,9.68260704167e-06
87,17.378,9.681468375e-06
88,17.578,9.74832816667e-06
89,17.781,9.791032375e-06
90,17.987,9.779769e-06
91,18.178,9.69346879167e-06
92,18.379,9.72252929167e-06
93,18.577,9.639860000000001e-06
94,18.777,9.743611499999999e-06
95,18.982,9.76055383333e-06
96,19.177,9.776619e-06
97,19.377,9.620570166669999e-06
98,19.577,9.701339e-06
99,19.777,9.79207645833e-06
100,19.992,9.64189345833e-06
101,20.178,9.6712925e-06
102,20.378,9.754865999999999e-06
103,20.577,9.6521205e-06
104,20.788,9.435679875e-06
105,20.98,9.670699e-06
106,21.177,9.758722875e-06
107,21.378,9.60255025e-06
108,21.577,9.674022875000001e-06
109,21.778,9.71066766667e-06
110,21.983,9.59303329167e-06
111,22.177,9.703584e-06
112,22.377,9.66216933333e-06
113,22.578,9.53619416667e-06
114,22.777,9.65102933333e-06
115,22.983,9.42064166667e-06
116,23.177,9.58781945833e-06
117,23.377,9.744683e-06
118,23.579,9.5736385e-06
119,23.778,9.42285916667e-06
120,23.982,9.5614885e-06
121,24.177,9.76946766667e-06
122,24.377,9.61819933333e-06
123,24.577,9.38450416667e-06
124,24.777,9.49637716667e-06
125,24.977,9.603744416669999e-06
126,25.178,9.382390500000001e-06
127,25.377,9.5824275e-06
128,25.577,9.49424270833e-06
129,25.778,9.656502e-06
130,25.977,9.43075720833e-06
131,26.179,9.54459616667e-06
132,26.377,9.43971983333e-06
133,26.577,9.438338916669999e-06
134,26.777,9.69533008333e-06
135,26.985,9.35462216667e-06
136,27.177,9.62401233333e-06
137,27.377,9.282958e-06
138,27.583,9.60949966667e-06
139,27.777,9.274102833330001e-06
140,27.982,9.4296565e-06
141,28.176,9.328017125e-06
142,28.377,9.292856625e-06
143,28.578,9.663435666669999e-06
144,28.779,9.41400591667e-06
145,28.99,9.099596874999999e-06
146,29.182,9.262557958330001e-06
147,29.378,9.04996920833e-06
148,29.58,9.33623266667e-06
149,29.778,9.593184583330001e-06
150,29.978,9.3889585e-06
151,30.177,9.528613000000001e-06
152,30.377,9.28965966667e-06
153,30.578,9.301337041669999e-06
154,30.781,9.209721375e-06
155,30.977,9.51094858333e-06
156,31.177,9.36799766667e-06
157,31.379,9.116848125e-06
158,31.577,9.539211166669999e-06
159,31.778,9.260459e-06
160,31.981,9.17208720833e-06
161,32.178,9.78494533333e-06
162,32.377,9.330304e-06
163,32.577,9.818314458330001e-06
164,32.777,9.044636125e-06
165,32.977,9.431351e-06
166,33.178,9.233513625e-06
167,33.378,9.2767025e-06
168,33.577,9.2927265e-06
169,33.777,8.74829733333e-06
170,33.981,8.886984499999999e-06
171,34.177,9.15512320833e-06
172,34.377,9.21151833333e-06
173,34.577,9.24116583333e-06
174,34.785,8.74497054167e-06
175,34.982,9.19567e-06
176,35.177,9.26762654167e-06
177,35.386,9.14179166667e-06
178,35.582,8.99541295833e-06
179,35.778,9.407711e-06
180,35.982,9.16257333333e-06
181,36.178,9.213280291669999e-06
182,36.377,8.94515304167e-06
183,36.579,9.36973866667e-06
184,36.778,9.25277558333e-06
185,36.985,9.33892616667e-06
186,37.177,9.205631333330001e-06
187,37.377,9.24340820833e-06
188,37.578,8.833366e-06
189,37.778,9.153429833330001e-06
190,37.978,9.1940835e-06
191,38.178,9.17679533333e-06
192,38.377,8.86202983333e-06
193,38.577,8.833104208330001e-06
194,38.778,9.541154333330001e-06
195,38.978,8.887808166669999e-06
196,39.178,9.081769333330001e-06
197,39.377,8.9224675e-06
198,39.577,8.95212641667e-06
199,39.777,9.26919466667e-06
200,39.978,9.08407966667e-06
201,40.179,9.25281841667e-06
202,40.377,9.27143233333e-06
203,40.578,9.510173e-06
204,40.778,9.32025758333e-06
205,40.977,9.23983429167e-06
206,41.182,9.12011866667e-06
207,41.377,9.02192e-06
208,41.577,8.90426983333e-06
209,41.779,9.26898233333e-06
210,41.977,8.77413045833e-06
211,42.177,9.15972995833e-06
212,42.378,9.107895958330001e-06
213,42.577,8.596435166669999e-06
214,42.778,9.026082666669999e-06
215,42.978,9.21924483333e-06
216,43.18,9.07188583333e-06
217,43.377,9.17925833333e-06
218,43.577,8.77335495833e-06
219,43.778,8.55123845833e-06
220,43.978,9.189649624999999e-06
221,44.178,8.88122033333e-06
222,44.379,9.15305816667e-06
223,44.577,8.79106233333e-06
224,44.777,9.0475735e-06
225,44.977,8.61026616667e-06
226,45.178,8.87723233333e-06
227,45.378,9.03801691667e-06
228,45.578,8.905811e-06
229,45.78,8.96010816667e-06
230,45.982,8.9754395e-06
231,46.178,9.314223583330001e-06
232,46.377,9.11467991667e-06
233,46.577,9.068442875e-06
234,46.778,8.8187535e-06
235,46.978,8.77655858333e-06
236,47.182,8.68099820833e-06
237,47.385,8.88952633333e-06
238,47.577,8.61804116667e-06
239,47.778,9.2496865e-06
240,47.977,9.052137625e-06
241,48.178,8.99971620833e-06
242,48.378,8.678592333330001e-06
243,48.577,8.86151479167e-06
244,48.777,8.59079554167e-06
245,48.988,9.15793833333e-06
246,49.177,8.414227e-06
247,49.377,9.233326e-06
248,49.579,8.16793629167e-06
249,49.777,8.735542124999999e-06
250,49.977,8.87417854167e-06
251,50.182,9.40854683333e-06
252,50.378,8.76535083333e-06
253,50.578,8.5863805e-06
254,50.777,8.9356035e-06
255,50.978,9.142314666669999e-06
256,51.177,9.131084e-06
257,51.377,8.88615845833e-06
258,51.577,8.616247125e-06
259,51.777,9.04393233333e-06
260,51.978,8.87853916667e-06
261,52.179,9.15603833333e-06
262,52.377,8.674508875e-06
263,52.577,9.32513466667e-06
264,52.778,8.951157458330001e-06
265,52.977,8.707059500000001e-06
266,53.177,8.792963375000001e-06
267,53.378,8.89015766667e-06
268,53.579,9.38279516667e-06
269,53.777,8.59180183333e-06
270,53.978,9.51597166667e-06
271,54.177,8.76691375e-06
272,54.378,8.6514595e-06
273,54.579,8.67865908333e-06
274,54.778,8.68225616667e-06
275,54.977,8.844393833330001e-06
276,55.177,8.462000500000001e-06
277,55.378,8.960754041669999e-06
278,55.577,8.61604983333e-06
279,55.777,8.754348e-06
280,55.977,8.6837835e-06
281,56.177,8.65892108333e-06
282,56.377,8.743661499999999e-06
283,56.577,8.35888129167e-06
284,56.778,8.68110379167e-06
285,56.978,8.96374983333e-06
286,57.177,8.08955425e-06
287,57.378,8.632088833330001e-06
288,57.577,9.01904516667e-06
289,57.781,8.63652516667e-06
290,57.984,7.93128729167e-06
291,58.177,8.69145916667e-06
292,58.377,8.618630625e-06
293,58.577,8.565924791669999e-06
294,58.778,8.83663054167e-06
295,58.978,8.73392529167e-06
296,59.178,8.5158505e-06
297,59.377,7.98058566667e-06
298,59.577,8.711161375e-06
299,59.777,9.14766179167e-06
300,59.981,9.05562933333e-06
301,60.178,7.26264745833e-06
302,60.378,8.09998416667e-06
303,60.581,8.55930666667e-06
304,60.777,8.62757583333e-06
305,60.982,8.537923e-06
306,61.177,9.20826766667e-06
307,61.377,8.64946266667e-06
308,61.578,8.27874795833e-06
309,61.778,7.88753016667e-06
310,61.978,7.91720775e-06
311,62.178,8.12544083333e-06
312,62.377,8.15499916667e-06
313,62.578,9.04461866667e-06
314,62.777,8.333456e-06
315,62.977,8.61996366667e-06
316,63.178,8.10566183333e-06
317,63.378,8.67593820833e-06
318,63.578,9.00972633333e-06
319,63.777,8.7844815e-06
320,63.982,7.47160083333e-06
321,64.177,8.2159795e-06
322,64.378,7.38751116667e-06
323,64.578,8.390603250000001e-06
324,64.778,8.59842483333e-06
325,64.977,7.353537874999999e-06
326,65.183,8.017615e-06
327,65.378,7.99221591667e-06
328,65.577,8.1987735e-06
329,65.777,7.24158783333e-06
330,65.979,7.71494904167e-06
331,66.178,8.025626999999999e-06
332,66.377,9.038574875e-06
333,66.58,8.21573770833e-06
334,66.777,8.654614625000001e-06
335,66.982,8.843944833330001e-06
336,67.177,8.34352354167e-06
337,67.377,7.93994083333e-06
338,67.577,7.92734945833e-06
339,67.779,8.19576616667e-06
340,67.979,7.36453816667e-06
341,68.181,8.59219541667e-06
342,68.381,8.43179566667e-06
343,68.577,7.98119983333e-06
344,68.777,7.147328874999999e-06
345,68.988,8.49196433333e-06
346,69.178,8.3080165e-06
347,69.377,8.39166158333e-06
348,69.577,7.84220254167e-06
349,69.784,7.366373374999999e-06
350,69.982,7.1078525833300004e-06
351,70.177,8.28302966667e-06
352,70.378,8.97935183333e-06
353,70.578,7.901809291669999e-06
354,70.778,8.54407683333e-06
355,70.983,8.73687033333e-06
356,71.177,7.63062566667e-06
357,71.377,7.97726383333e-06
358,71.577,8.804754541669999e-06
359,71.778,5.5970093333300005e-06
360,71.982,8.116417291669999e-06
361,72.181,7.3771973333300005e-06
362,72.377,7.967591e-06
363,72.578,8.565700541669999e-06
364,72.777,8.00343208333e-06
365,72.981,7.5775422500000005e-06
366,73.177,7.728899666669999e-06
367,73.377,9.088934e-06
368,73.577,6.767705999999999e-06
369,73.777,7.24442166667e-06
370,73.977,7.43692383333e-06
371,74.178,8.413932125e-06
372,74.378,7.61460258333e-06
373,74.578,7.086591791669999e-06
374,74.778,7.944391e-06
375,74.978,6.3861947083300005e-06
376,75.177,6.792281124999999e-06
377,75.378,9.09707333333e-06
378,75.579,8.397676833330001e-06
379,75.778,8.33997916667e-06
380,75.981,7.440457833330001e-06
381,76.177,7.74371416667e-06
382,76.378,8.47486308333e-06
383,76.577,7.89623220833e-06
384,76.777,8.478030625e-06
385,76.978,8.417408e-06
386,77.178,7.88340433333e-06
387,77.377,8.06063054167e-06
388,77.579,7.60038854167e-06
389,77.783,7.0713901666699995e-06
390,77.977,7.64998291667e-06
391,78.178,8.13253516667e-06
392,78.381,8.95008816667e-06
393,78.579,7.41360325e-06
394,78.777,8.32459766667e-06
395,78.99,6.98039166667e-06
396,79.178,7.82635933333e-06
397,79.376,6.36408e-06
398,79.577,4.94141683333e-06
399,79.778,7.84115929167e-06
400,79.978,7.386145041669999e-06
401,80.177,4.24410433333e-06
402,80.377,7.45904233333e-06
403,80.578,8.340494791669999e-06
404,80.779,8.59291720833e-06
405,80.98,6.8668220416699995e-06
406,81.182,6.21052083333e-06
407,81.378,5.49061883333e-06
408,81.578,7.2485527916699996e-06
409,81.777,7.118126250000001e-06
410,81.978,6.65360220833e-06
411,82.178,7.81240866667e-06
412,82.377,7.081014375e-06
413,82.577,7.95216545833e-06
414,82.78,8.45567991667e-06
415,82.99,7.2904135e-06
416,83.178,7.43366066667e-06
417,83.379,7.29823420833e-06
418,83.578,7.44338566667e-06
419,83.777,7.27966683333e-06
420,83.983,6.1212595e-06
421,84.178,7.7153815e-06
422,84.378,6.80238195833e-06
423,84.577,6.8706803333300005e-06
424,84.782,7.37286279167e-06
425,84.987,6.95219066667e-06
426,85.177,7.39763133333e-06
427,85.377,7.1563357083300006e-06
428,85.577,7.93928216667e-06
429,85.778,7.4727658333300005e-06
430,85.984,8.332454e-06
431,86.178,7.3580501666699994e-06
432,86.377,7.98289916667e-06
433,86.577,5.502631249999999e-06
434,86.777,7.52249770833e-06
435,86.978,5.6873743333300006e-06
436,87.179,6.1463415e-06
437,87.377,8.3817025e-06
438,87.578,7.552725000000001e-06
439,87.778,4.90753316667e-06
440,87.978,4.22355316667e-06
441,88.178,7.99997933333e-06
442,88.377,6.08016491667e-06
443,88.579,6.299849125e-06
444,88.778,7.74211458333e-06
445,88.977,6.7147828749999995e-06
446,89.178,5.757251833330001e-06
447,89.378,7.27004379167e-06
448,89.577,7.36027666667e-06
449,89.778,7.94831866667e-06
450,89.98,8.49352233333e-06
451,90.177,8.01811775e-06
452,90.378,7.83689329167e-06
453,90.577,8.43152666667e-06
454,90.781,7.41944433333e-06
455,90.978,7.76614583333e-06
456,91.178,6.00018e-06
457,91.377,9.89097658333e-06
458,91.578,7.35212158333e-06
459,91.78,7.71594183333e-06
460,91.987,4.54862925e-06
461,92.178,8.354017e-06
462,92.377,7.18486733333e-06
463,92.578,7.379754500000001e-06
464,92.778,7.833273208330001e-06
465,92.99,6.216182375e-06
466,93.181,7.13841833333e-06
467,93.378,6.21681479167e-06
468,93.577,6.8068236666699995e-06
469,93.784,8.00939316667e-06
470,93.981,7.350141999999999e-06
471,94.177,8.04177933333e-06
472,94.377,7.8955395e-06
473,94.578,8.669369e-06
474,94.778,6.6725778333300005e-06
475,94.984,3.5475471249999997e-06
476,95.178,7.0840683333300005e-06
477,95.377,8.57936283333e-06
478,95.578,6.71897733333e-06
479,95.778,6.70268233333e-06
480,95.978,8.40001616667e-06
481,96.178,5.8782781666699996e-06
482,96.378,5.55578083333e-06
483,96.577,8.2960415e-06
484,96.781,4.788344125e-06
485,96.984,8.00855820833e-06
486,97.177,3.1632323333299997e-06
487,97.378,7.95710266667e-06
488,97.578,5.0072583333300005e-06
489,97.778,6.92899033333e-06
490,97.978,7.535282e-06
491,98.178,7.992012250000001e-06
492,98.377,7.36206016667e-06
493,98.578,3.2669420000000003e-06
494,98.779,6.608429875e-06
495,98.98,8.014527e-06
496,99.178,7.20473116667e-06
497,99.377,3.3295338750000002e-06
498,99.582,6.79183333333e-06
499,99.778,6.1806685000000005e-06
500,99.983,5.223058e-06
501,100.178,7.01060691667e-06
502,100.378,7.89586529167e-06
503,100.578,7.36733866667e-06
504,100.783,4.980556625e-06
505,100.985,5.7553340416699996e-06
506,101.187,4.42783975e-06
507,101.379,7.658128166669999e-06
508,101.579,4.65174104167e-06
509,101.778,4.24181866667e-06
510,101.978,7.6605205e-06
511,102.178,7.7731405e-06
512,102.384,7.65854970833e-06
513,102.577,5.5684523333300006e-06
514,102.778,2.86860904167e-06
515,102.977,7.86151883333e-06
516,103.18,4.995858e-06
517,103.378,7.35795545833e-06
518,103.581,6.735933e-06
519,103.777,2.1695875e-06
520,103.982,7.651570875e-06
521,104.184,3.07873533333e-06
522,104.378,5.602532e-06
523,104.577,6.524307e-06
524,104.777,7.83917816667e-06
525,104.982,6.93513566667e-06
526,105.178,6.666963125e-06
527,105.377,5.08120254167e-06
528,105.577,5.594405166669999e-06
529,105.777,4.7030475000000005e-06
530,105.985,8.580754125e-06
531,106.178,8.22600420833e-06
532,106.377,3.36944533333e-06
533,106.581,6.0306582500000005e-06
534,106.779,6.16037879167e-06
535,106.977,3.2763594999999997e-06
536,107.177,5.18254983333e-06
537,107.379,6.76559016667e-06
538,107.577,6.5725756249999995e-06
539,107.777,6.26613395833e-06
540,107.98,7.4295925e-06
541,108.18,6.78218483333e-06
542,108.381,4.36040683333e-06
543,108.578,7.0395638333300005e-06
544,108.784,5.6106701666699996e-06
545,108.981,6.42883533333e-06
546,109.177,6.450617499999999e-06
547,109.378,6.662248833330001e-06
548,109.577,8.41474108333e-06
549,109.778,6.16934833333e-06
550,109.979,7.4229807083300005e-06
551,110.178,5.57680254167e-06
552,110.378,7.5068949583300004e-06
553,110.577,5.9859455e-06
554,110.781,7.0014728333300005e-06
555,110.979,4.7767588333300004e-06
556,111.178,2.07600954167e-06
557,111.383,7.34979829167e-06
558,111.578,4.95600216667e-06
559,111.777,7.612378666669999e-06
560,111.988,6.646434500000001e-06
561,112.177,8.360638e-06
562,112.378,6.402423874999999e-06
563,112.578,5.8930495e-06
564,112.778,2.04369358333e-06
565,112.98,2.97337683333e-06
566,113.18,8.539058e-06
567,113.378,7.712312333330001e-06
568,113.578,6.9963863333300006e-06
569,113.782,7.21111566667e-06
570,113.978,5.570211958330001e-06
571,114.177,2.2369548750000002e-06
572,114.378,4.184743e-06
573,114.582,3.03543116667e-06
574,114.778,2.19142916667e-06
575,114.979,6.48457125e-06
576,115.178,4.393377166669999e-06
577,115.378,8.561707833330001e-06
578,115.578,4.500451e-06
579,115.777,1.9863935e-06
580,115.978,6.652070416669999e-06
581,116.178,4.221763708330001e-06
582,116.38,4.0192463333300005e-06
583,116.584,2.2091763333299998e-06
584,116.778,3.82879125e-06
585,116.984,1.6455164999999999e-06
586,117.179,6.051418458330001e-06
587,117.377,2.2968819583299998e-06
588,117.578,4.82242766667e-06
589,117.782,2.167138875e-06
590,117.978,4.4663203333300005e-06
591,118.178,7.22582591667e-06
592,118.381,3.6091465416699997e-06
593,118.577,6.53242395833e-06
594,118.781,2.09437108333e-06
595,118.98,8.3534115e-06
596,119.184,4.507836625e-06
597,119.378,6.30368616667e-06
598,119.577,3.9087804166699995e-06
599,119.779,4.9158605e-06
600,119.977,7.39601133333e-06
601,120.177,7.957489999999999e-06
602,120.378,5.86643816667e-06
603,120.578,1.9122890000000002e-06
604,120.78,5.59007191667e-06
605,120.978,2.746237e-06
606,121.178,5.353524125e-06
607,121.377,6.253272041669999e-06
608,121.578,3.99585375e-06
609,121.779,5.94407716667e-06
610,121.979,3.887065333330001e-06
611,122.177,2.25042616667e-06
612,122.379,7.31565733333e-06
613,122.577,7.528973499999999e-06
614,122.778,5.79075666667e-07
615,122.978,3.7080831666699995e-06
616,123.178,8.34142395833e-06
617,123.377,3.07676016667e-06
618,123.577,2.8246115e-06
619,123.777,4.5713898333300005e-06
620,123.98,3.5319638333300004e-06
621,124.178,6.065804333330001e-06
622,124.377,6.82351033333e-06
623,124.577,5.243942333330001e-06
624,124.778,3.6403291666699995e-06
625,124.983,5.7899013333300005e-06
626,125.177,8.202930375e-06
627,125.379,4.784678e-06
628,125.578,1.94834583333e-06
629,125.777,7.3553408333300006e-06
630,125.978,5.60786166667e-07
631,126.177,4.98850666667e-07
632,126.378,7.58144616667e-06
633,126.579,5.449413e-06
634,126.777,2.0160316666700002e-06
635,126.99,6.8257828333300005e-06
636,127.178,7.371779708330001e-06
637,127.378,1.57136375e-06
638,127.579,4.996112333330001e-06
639,127.777,4.380199e-06
640,127.978,4.3765399166699996e-06
641,128.177,4.42256466667e-06
642,128.378,1.7829915e-06
643,128.579,6.05410633333e-06
644,128.778,6.058525125e-06
645,128.978,5.2906635416699995e-06
646,129.184,7.735302875e-06
647,129.378,7.106526e-06
648,129.582,2.8103381666700003e-06
649,129.778,6.158605e-06
650,129.978,8.11101483333e-06
651,130.178,2.3117655e-06
652,130.377,5.50897983333e-06
653,130.578,2.00079616667e-06
654,130.777,4.85155483333e-06
655,130.977,4.800057125e-06
656,131.177,4.92875958333e-07
657,131.378,7.3687985000000006e-06
658,131.584,3.18853408333e-06
659,131.785,5.5180505e-06
660,131.978,3.4999733333300003e-06
661,132.179,1.71499075e-06
662,132.381,3.59882483333e-06
663,132.578,7.345296e-06
664,132.784,7.141371375e-06
665,132.982,4.7947225e-06
666,133.178,1.65375316667e-06
667,133.378,7.14090483333e-06
668,133.578,5.791421375e-06
669,133.778,6.72554e-06
670,133.982,5.18468975e-06
671,134.178,1.61132e-06
672,134.38,4.20099966667e-06
673,134.577,4.06234383333e-06
674,134.778,6.91856458333e-06
675,134.988,2.63122e-06
676,135.181,2.85798870833e-06
677,135.38,1.958742e-06
678,135.579,3.7302994583300003e-06
679,135.777,6.93008033333e-06
680,135.995,6.82612095833e-06
681,136.177,7.31234633333e-06
682,136.377,1.98611916667e-06
683,136.578,4.48348e-07
684,136.779,1.87936741667e-06
685,136.978,4.701291333330001e-06
686,137.181,1.79931620833e-06
687,137.377,4.9170873749999995e-06
688,137.578,7.1835211666699995e-06
689,137.778,7.47296016667e-06
690,137.979,2.1870215e-06
691,138.178,5.96651970833e-06
692,138.378,2.21310091667e-06
693,138.577,5.1621827083300005e-06
694,138.778,2.99456666667e-06
695,138.978,1.5069659999999998e-06
696,139.178,3.57520616667e-06
697,139.378,4.63686833333e-07
698,139.583,7.37033016667e-06
699,139.777,3.231653875e-06
700,139.978,6.2327151666699995e-06
701,140.178,5.91163308333e-06
702,140.378,6.6746209999999995e-06
703,140.579,1.4247285e-06
704,140.778,4.47633033333e-06
705,140.98,2.1747772499999998e-06
706,141.178,5.139806208330001e-06
707,141.377,5.73902466667e-06
708,141.578,5.29136333333e-07
709,141.778,4.66075583333e-07
710,141.981,4.76453958333e-07
711,142.177,4.77068e-07
712,142.378,2.46548033333e-06
713,142.579,4.314765e-07
714,142.778,2.22853233333e-06
715,142.978,2.25158816667e-06
716,143.183,1.76428208333e-06
717,143.378,2.94010716667e-06
718,143.58,7.4936895e-06
719,143.782,5.2588025000000005e-06
720,143.988,5.1605951666699995e-06
721,144.178,2.02183154167e-06
722,144.378,6.95400854167e-06
723,144.577,1.17533533333e-06
724,144.778,1.86256895833e-06
725,144.982,2.84075495833e-06
726,145.178,7.34280016667e-06
727,145.378,4.92603108333e-06
728,145.578,5.037267166669999e-06
729,145.779,1.4927454583299999e-06
730,145.978,6.106392541669999e-06
731,146.178,5.442428375e-06
732,146.378,3.42339366667e-06
733,146.577,6.167217124999999e-06
734,146.778,5.71595245833e-06
735,146.978,2.95583691667e-06
736,147.178,6.69226195833e-06
737,147.378,2.03816575e-06
738,147.578,2.15444445833e-06
739,147.778,5.4853501666699996e-06
740,147.978,6.9654301666699995e-06
741,148.178,1.859469e-06
742,148.379,4.3944279583300004e-06
743,148.578,7.18474675e-06
744,148.782,7.98329125e-06
745,148.986,2.6326670833299997e-06
746,149.18,4.58530166667e-07
747,149.378,4.08714041667e-07
748,149.579,3.9265995833299997e-07
749,149.777,1.9112573333299997e-06
750,149.98,5.05202583333e-06
751,150.178,1.7770595e-06
752,150.382,1.7535906666700002e-06
753,150.584,5.8265716666699994e-06
754,150.779,5.12703266667e-06
755,150.979,5.37575333333e-06
756,151.178,6.60253883333e-06
757,151.378,5.05347658333e-06
758,151.581,3.64069770833e-06
759,151.777,4.7952625e-07
760,151.978,4.28648958333e-07
761,152.184,1.88714283333e-06
762,152.378,2.156001e-06
763,152.577,2.158096125e-06
764,152.778,6.3541045e-06
765,152.978,5.11562491667e-06
766,153.178,6.00344966667e-06
767,153.378,6.845588625000001e-06
768,153.579,6.56225516667e-06
769,153.778,1.7829357916700001e-06
770,153.978,3.9056116666700003e-07
771,154.179,1.84088833333e-06
772,154.378,2.2352645e-06
773,154.577,4.15038e-07
774,154.778,1.7737398333299998e-06
775,154.979,5.350366e-06
776,155.177,3.19648366667e-06
777,155.378,7.012242e-06
778,155.578,6.60277079167e-06
779,155.778,1.53825783333e-06
780,155.978,2.0324200000000004e-06
781,156.183,3.12158404167e-06
782,156.378,6.410423833330001e-06
783,156.579,1.98985420833e-06
784,156.778,1.957694375e-06
785,156.978,2.04411716667e-06
786,157.182,6.912148416669999e-06
787,157.378,5.814479e-06
788,157.578,3.24166616667e-06
789,157.778,5.79092216667e-06
790,157.978,3.74842933333e-06
791,158.177,3.1793950416700002e-06
792,158.378,6.140273999999999e-06
793,158.579,5.37067166667e-07
794,158.779,1.6414213333299999e-06
795,158.981,2.79961416667e-06
796,159.178,7.008309625000001e-06
797,159.378,5.031799083330001e-06
798,159.583,4.94022666667e-07
799,159.778,6.13277383333e-06
800,159.978,5.23829166667e-07
801,160.177,3.82582970833e-06
802,160.377,1.926577e-06
803,160.584,3.5122860416699996e-06
804,160.778,5.63460566667e-06
805,160.978,2.00202970833e-06
806,161.178,5.1420055e-06
807,161.379,1.917411625e-06
808,161.578,2.8053661666700003e-06
809,161.777,2.030112e-06
810,161.978,4.824942666669999e-06
811,162.178,5.038e-07
812,162.377,4.211615e-07
813,162.577,4.40484833333e-07
814,162.783,4.30462166667e-07
815,162.978,4.4122e-07
816,163.181,4.52743833333e-07
817,163.378,4.39871666667e-07
818,163.578,4.53431333333e-07
819,163.781,4.44383833333e-07
820,163.979,1.2294488333299998e-06
821,164.177,4.14859916667e-06
822,164.381,7.63783983333e-06
823,164.579,5.59265e-07
824,164.777,1.372053e-06
825,164.981,4.28169770833e-06
826,165.181,4.9155325e-07
827,165.378,4.29883833333e-07
828,165.578,4.35290416667e-07
829,165.777,4.27451166667e-07
830,165.983,4.1701300000000003e-07
831,166.183,4.33575375e-07
832,166.383,4.30548541667e-07
833,166.58,4.4153620833299997e-07
834,166.778,4.28091875e-07
835,166.978,1.9323265e-06
836,167.18,1.76819154167e-06
837,167.378,5.735524e-06
838,167.578,4.57249666667e-06
839,167.777,5.0226296666699995e-06
840,167.978,5.006865e-07
841,168.178,3.26142166667e-06
842,168.378,2.0617498333299997e-06
843,168.578,3.92546333333e-07
844,168.778,3.20147833333e-07
845,168.978,3.9332666666700003e-07
846,169.182,3.24901333333e-07
847,169.377,6.46334933333e-06
848,169.578,2.0109926666700003e-06
849,169.778,1.43362666667e-06
850,169.978,7.338260249999999e-06
851,170.178,3.17240683333e-06
852,170.378,5.07134583333e-06
853,170.578,3.0815875e-06
854,170.778,4.47284666667e-07
855,170.977,3.84479833333e-07
856,171.178,1.910871e-06
857,171.378,5.65863345833e-06
858,171.577,5.10252875e-07
859,171.78,1.0591070000000001e-06
860,171.978,1.9302605e-06
861,172.177,1.87204841667e-06
862,172.378,1.520907e-06
863,172.577,5.234729875e-06
864,172.777,2.87076116667e-06
865,172.978,1.72325045833e-06
866,173.178,3.8662525000000004e-07
867,173.377,3.6345862500000004e-07
868,173.58,3.35470625e-07
869,173.778,3.28847875e-07
870,173.978,3.48270791667e-07
871,174.178,3.3687770833299997e-07
872,174.379,3.28447208333e-07
873,174.578,6.59478479167e-06
874,174.778,1.4966675833299998e-06
875,174.978,1.5521537499999999e-06
876,175.178,1.91356433333e-06
877,175.377,4.08342633333e-06
878,175.578,3.12853404167e-06
879,175.778,1.29306933333e-06
880,175.977,3.21649833333e-07
881,176.177,6.89503379167e-06
882,176.384,2.31378866667e-06
883,176.578,4.857758541669999e-06
884,176.778,4.891954583329999e-07
885,176.984,4.56997375e-07
886,177.178,4.5506270833299997e-07
887,177.377,4.48534291667e-07
888,177.578,4.3914587500000003e-07
889,177.779,1.7639205000000002e-06
890,177.981,4.164458333330001e-06
891,178.178,4.86012e-07
892,178.378,4.2373474999999997e-07
893,178.578,4.4584512500000004e-07
894,178.778,4.38830791667e-07
895,178.978,4.3041358333299997e-07
896,179.178,4.22764791667e-07
897,179.377,4.29462166667e-07
898,179.579,4.44910208333e-07
899,179.785,4.31809916667e-07
900,179.982,4.45584e-07
901,180.178,4.499785e-07
902,180.382,4.31816375e-07
903,180.578,4.14187958333e-07
904,180.781,4.40110083333e-07
905,180.978,4.32999791667e-07
906,181.178,4.37397166667e-07
907,181.377,4.4065375e-07
908,181.578,4.33633208333e-07
909,181.778,4.39308e-07
910,181.981,4.36899125e-07
911,182.179,4.2570762500000003e-07
912,182.378,4.27801041667e-07
913,182.578,4.25905666667e-07
914,182.778,4.12764625e-07
915,182.982,4.36073041667e-07
916,183.178,4.2032537499999996e-07
917,183.378,4.1917995833299997e-07
918,183.578,4.2754675e-07
919,183.777,4.4040470833299997e-07
920,183.981,4.32656541667e-07
921,184.183,4.33989958333e-07
922,184.377,4.4574925e-07
923,184.577,4.31860458333e-07
924,184.779,4.34066166667e-07
925,184.99,4.21212833333e-07
926,185.178,4.38534666667e-07
927,185.378,4.35462583333e-07
928,185.578,4.21709916667e-07
929,185.777,4.27092833333e-07
930,185.982,4.24574291667e-07
931,186.183,4.19079791667e-07
932,186.378,4.31843833333e-07
933,186.578,4.3990250000000003e-07
934,186.778,4.33240083333e-07
935,186.978,4.38501083333e-07
936,187.178,4.20814583333e-07
937,187.379,4.3408433333299997e-07
938,187.578,4.27491666667e-07
939,187.777,1.8833535000000001e-06
940,187.979,5.908099999999999e-06
941,188.182,3.715691e-06
942,188.378,4.53582333333e-07
943,188.578,4.2346249999999997e-07
944,188.778,4.15579166667e-07
945,188.978,4.400685e-07
946,189.178,4.27416666667e-07
947,189.378,4.0982216666700003e-07
948,189.578,4.28562333333e-07
949,189.777,4.39026e-07
950,189.979,4.05545833333e-07
951,190.178,4.19532833333e-07
952,190.378,4.27498833333e-07
953,190.578,4.17274166667e-07
954,190.782,4.1187550000000004e-07
955,190.978,4.14249e-07
956,191.181,3.96607166667e-07
957,191.378,4.13876166667e-07
958,191.578,4.21445e-07
959,191.777,4.31765166667e-07
960,191.978,4.30822833333e-07
961,192.183,4.34756666667e-07
962,192.378,4.2379533333299997e-07
963,192.579,4.15241166667e-07
964,192.778,4.11542333333e-07
965,192.978,4.18706833333e-07
966,193.178,4.14076666667e-07
967,193.378,4.26682166667e-07
968,193.578,4.18779166667e-07
969,193.777,4.18111166667e-07
970,193.978,4.30925333333e-07
971,194.183,4.36307166667e-07
972,194.381,4.19797e-07
973,194.583,4.21332333333e-07
974,194.778,4.28873833333e-07
975,194.982,4.29302e-07
976,195.179,4.12381666667e-07
977,195.378,4.1036083333299997e-07
978,195.578,2.7604944999999996e-06
979,195.777,4.41272333333e-07
980,195.978,3.69823833333e-07
981,196.179,3.9252683333299997e-07
982,196.378,3.9599350000000003e-07
983,196.578,2.28363883333e-06
984,196.778,6.08290304167e-06
985,196.978,5.9305624999999995e-06
986,197.178,5.84882491667e-06
987,197.378,5.19141208333e-07
988,197.578,4.64520958333e-07
989,197.779,4.77777541667e-07
990,197.978,4.79909666667e-07
991,198.178,4.7178125e-07
992,198.378,4.67890458333e-07
993,198.578,4.7232466666700003e-07
994,198.778,4.708285e-07
995,198.978,4.64781583333e-07
996,199.183,4.69662541667e-07
997,199.378,4.76290708333e-07
998,199.577,4.72637291667e-07
999,199.777,1.7163496250000001e-06
1000,199.977,3.8713479166700003e-07
1001,200.178,3.29343916667e-07
1002,200.377,3.08680375e-07
1003,200.58,3.37853291667e-07
1004,200.778,3.47623458333e-07
1005,200.978,3.33988541667e-07
1006,201.181,3.0375900000000004e-07
1007,201.378,3.2425941666700003e-07
1008,201.578,3.39151541667e-07
1009,201.777,3.25935e-07
1010,201.981,3.3898874999999996e-07
1011,202.182,3.45620458333e-07
1012,202.377,3.35624208333e-07
1013,202.578,3.33314e-07
1014,202.778,3.25953833333e-07
1015,202.979,3.38552583333e-07
1016,203.178,3.25451916667e-07
1017,203.378,3.20038416667e-07
1018,203.578,3.51819625e-07
1019,203.777,3.42444666667e-07
1020,203.978,3.14069458333e-07
1021,204.178,3.39500666667e-07
1022,204.378,3.37980083333e-07
1023,204.582,3.2200008333299997e-07
1024,204.778,3.28417541667e-07
1025,204.978,3.27562208333e-07
1026,205.178,3.42871583333e-07
1027,205.378,3.2260887500000005e-07
1028,205.578,3.27962041667e-07
1029,205.777,3.42982083333e-07
1030,205.978,3.4531512499999997e-07
1031,206.179,1.8168420416700002e-06
1032,206.378,8.200289e-06
1033,206.578,5.36293716667e-06
1034,206.778,3.40098183333e-06
1035,206.978,4.71561e-07
1036,207.178,4.08478e-07
1037,207.378,3.05166083333e-06
1038,207.578,4.62850666667e-07
1039,207.777,1.8330119583299998e-06
1040,207.978,4.43417416667e-07
1041,208.178,6.13102116667e-06
1042,208.378,2.4161145416700003e-06
1043,208.578,2.6173495000000003e-06
1044,208.781,4.226518375e-06
1045,208.98,4.83490166667e-07
1046,209.178,4.39436375e-07
1047,209.378,4.45397708333e-07
1048,209.578,4.48252416667e-07
1049,209.777,4.35960916667e-07
1050,209.978,4.51600708333e-07
1051,210.178,4.35950708333e-07
1052,210.378,4.3277437499999997e-07
1053,210.578,4.10453333333e-07
1054,210.778,4.2130425e-07
1055,210.978,4.3647637500000003e-07
1056,211.178,4.3126166666700003e-07
1057,211.378,4.28549416667e-07
1058,211.578,1.91270183333e-06
1059,211.778,1.390064e-06
1060,211.978,3.710399e-06
1061,212.183,4.82965833333e-07
1062,212.378,4.14653333333e-07
1063,212.578,2.21554895833e-06
1064,212.778,3.31955883333e-06
1065,212.978,2.107623875e-06
1066,213.178,6.08268579167e-06
1067,213.378,5.18661958333e-07
1068,213.578,3.7487170833300003e-06
1069,213.777,4.489642666669999e-06
1070,213.978,4.9529e-07
1071,214.179,4.2434849999999997e-07
1072,214.378,4.50543166667e-07
1073,214.578,4.54788666667e-07
1074,214.778,4.41298333333e-07
1075,214.978,4.4086950000000004e-07
1076,215.178,4.49843166667e-07
1077,215.378,4.3836000000000007e-07
1078,215.578,4.59957833333e-07
1079,215.777,4.07996545833e-06
1080,215.978,4.73789958333e-07
1081,216.179,4.26339083333e-07
1082,216.382,4.28757208333e-07
1083,216.578,1.79081566667e-06
1084,216.778,4.32092458333e-07
1085,216.979,2.05204395833e-06
1086,217.178,3.5267781666699997e-06
1087,217.378,4.823958333329999e-07
1088,217.578,1.47296166667e-06
1089,217.777,3.98809541667e-07
1090,217.978,3.1472875e-07
1091,218.178,3.18478541667e-07
1092,218.378,3.2054187499999996e-07
1093,218.582,3.27334875e-07
1094,218.778,1.857283e-06
1095,218.978,4.19563833333e-07
1096,219.178,4.118171e-06
1097,219.378,4.70486958333e-07
1098,219.578,4.27606208333e-07
1099,219.777,4.2621525e-07
1100,219.978,4.29932958333e-07
1101,220.178,4.3456049999999996e-07
1102,220.378,4.48254083333e-07
1103,220.579,4.3366379166700003e-07
1104,220.778,4.23872208333e-07
1105,220.986,4.27301916667e-07
1106,221.179,4.3841029166700003e-07
1107,221.378,4.269215e-07
1108,221.578,4.2280074999999997e-07
1109,221.777,4.17493541667e-07
1110,221.978,4.2779295833299997e-07
1111,222.183,4.39312833333e-07
1112,222.378,4.21894958333e-07
1113,222.578,4.2441512500000004e-07
1114,222.778,4.33166291667e-07
1115,222.981,4.2943487500000006e-07
1116,223.178,4.1137e-07
1117,223.378,4.39447041667e-07
1118,223.578,4.20019291667e-07
1119,223.777,4.14399541667e-07
1120,223.981,4.10710416667e-07
1121,224.184,4.23794291667e-07
1122,224.378,4.3599833333299997e-07
1123,224.578,4.3106575e-07
1124,224.778,4.1867579166700003e-07
1125,224.979,4.23258916667e-07
1126,225.178,4.22301458333e-07
1127,225.378,4.3718766666700003e-07
1128,225.578,4.29991125e-07
1129,225.781,4.2697020833299997e-07
1130,225.978,4.38026166667e-07
1131,226.179,4.27938291667e-07
1132,226.378,4.29945458333e-07
1133,226.578,4.36368791667e-07
1134,226.778,4.48143416667e-07
1135,226.978,4.524025e-07
1136,227.177,4.32595875e-07
1137,227.384,4.1755899999999996e-07
1138,227.577,4.2949775e-07
1139,227.777,4.39663166667e-07
1140,227.978,4.4226925000000003e-07
1141,228.178,4.43644875e-07
1142,228.378,4.1292162500000004e-07
1143,228.578,4.48609583333e-07
1144,228.778,4.37383041667e-07
1145,228.979,4.34633791667e-07
1146,229.182,4.2749316666700003e-07
1147,229.378,4.30186625e-07
1148,229.578,4.56384125e-07
1149,229.778,4.31047125e-07
1150,229.978,4.3200049999999996e-07
1151,230.178,4.38175958333e-07
1152,230.378,4.3161162500000006e-07
1153,230.578,4.44580083333e-07
1154,230.778,4.4315462500000004e-07
1155,230.979,4.34871791667e-07
1156,231.178,4.1949158333299997e-07
1157,231.377,4.3342225e-07
1158,231.58,4.32667791667e-07
1159,231.778,4.53276208333e-07
1160,231.98,4.23209708333e-07
1161,232.178,4.36363625e-07
1162,232.378,4.11232416667e-07
1163,232.578,4.43708291667e-07
1164,232.778,4.33429833333e-07
1165,232.978,4.4433500000000004e-07
1166,233.178,4.34254958333e-07
1167,233.377,4.39615e-07
1168,233.578,4.31286166667e-07
1169,233.778,4.35809916667e-07
1170,233.978,4.22694375e-07
1171,234.178,4.19163041667e-07
1172,234.382,4.27082416667e-07
1173,234.578,4.35812375e-07
1174,234.778,4.29016291667e-07
1175,234.978,4.45991666667e-07
1176,235.178,4.38112458333e-07
1177,235.378,4.4360858333299997e-07
1178,235.578,4.37732666667e-07
1179,235.778,4.21182541667e-07
1180,235.98,4.3601437500000004e-07
1181,236.178,4.33405958333e-07
1182,236.378,4.2216137500000003e-07
1183,236.578,4.1000525000000003e-07
1184,236.778,4.23649916667e-07
1185,236.978,4.2948275000000003e-07
1186,237.178,4.34137458333e-07
1187,237.377,4.29468125e-07
1188,237.578,4.49803583333e-07
1189,237.778,4.40897833333e-07
1190,237.978,4.3719387500000004e-07
1191,238.178,4.38511208333e-07
1192,238.378,4.4110812500000004e-07
1193,238.578,4.22247958333e-07
1194,238.778,4.044885e-07
1195,238.978,4.35231208333e-07
1196,239.178,4.37508333333e-07
1197,239.377,4.20307166667e-07
1198,239.578,4.28158583333e-07
1199,239.779,4.47248541667e-07
1200,239.978,4.35544625e-07
1201,240.179,4.24446833333e-07
1202,240.378,4.3072450000000005e-07
1203,240.578,4.25026708333e-07
1204,240.778,4.2530258333299997e-07
1205,240.978,4.11500083333e-07
1206,241.178,4.24085916667e-07
1207,241.377,4.258625e-07
1208,241.578,1.72862216667e-06
1209,241.779,1.7156723333299999e-06
1210,241.978,4.268825e-07
1211,242.178,2.187303875e-06
1212,242.378,5.5300868333300004e-06
1213,242.578,5.26292041667e-07
1214,242.778,4.6946199999999997e-07
1215,242.978,4.61188791667e-07
1216,243.178,1.614606e-06
1217,243.377,4.01552666667e-07
1218,243.578,3.62714458333e-07
1219,243.778,3.39072625e-07
1220,243.978,3.44429875e-07
1221,244.178,3.1954245e-06
1222,244.378,4.6712516666700003e-07
1223,244.578,4.06234166667e-07
1224,244.778,1.7348651250000001e-06
1225,244.982,4.17253916667e-07
1226,245.178,3.903846e-06
1227,245.378,4.6435016666700003e-07
1228,245.578,4.2401016666700003e-07
1229,245.779,4.2295250000000003e-07
1230,245.978,4.11081666667e-07
1231,246.178,4.36302666667e-07
1232,246.378,4.37498e-07
1233,246.578,4.3111049999999996e-07
1234,246.778,4.1864400000000005e-07
1235,246.978,4.213845e-07
1236,247.178,4.2092750000000003e-07
1237,247.377,1.12339895833e-06
1238,247.578,2.20792666667e-06
1239,247.784,1.848103375e-06
1240,247.981,1.79152579167e-06
1241,248.178,4.12484458333e-07
1242,248.381,4.232103125e-06
1243,248.582,3.7350066666699997e-06
1244,248.778,5.679106375e-06
1245,248.978,5.28622375e-07
1246,249.178,4.72680625e-07
1247,249.377,4.76710875e-07
1248,249.578,4.74598291667e-07
1249,249.778,4.6874095833299997e-07
1250,249.978,4.84613791667e-07
1251,250.178,4.73544708333e-07
1252,250.378,4.85977833333e-07
1253,250.578,4.52713416667e-07
1254,250.778,4.7081987499999995e-07
1255,250.981,4.6689774999999997e-07
1256,251.178,4.7137187500000004e-07
1257,251.377,4.87189041667e-07
1258,251.578,4.71943666667e-07
1259,251.779,4.6149925000000003e-07
1260,251.978,4.6331487500000004e-07
1261,252.178,4.70995125e-07
1262,252.382,4.69796291667e-07
1263,252.578,4.65365041667e-07
1264,252.782,1.94466383333e-06
1265,252.978,4.40369041667e-07
1266,253.178,3.86310083333e-07
1267,253.377,1.94764045833e-06
1268,253.578,4.54542791667e-07
1269,253.779,3.77496458333e-07
1270,253.982,3.94661875e-07
1271,254.178,3.75027916667e-07
1272,254.378,3.88691583333e-07
1273,254.578,3.92507958333e-07
1274,254.778,3.72479333333e-07
1275,254.979,3.86636254167e-06
1276,255.178,4.88303333333e-07
1277,255.377,4.09058958333e-07
1278,255.578,4.23989083333e-07
1279,255.778,4.23447625e-07
1280,255.978,4.30041291667e-07
1281,256.178,4.34448166667e-07
1282,256.378,4.50291958333e-07
1283,256.578,4.4094866666700003e-07
1284,256.778,4.31461541667e-07
1285,256.978,4.38398916667e-07
1286,257.178,4.28035458333e-07
1287,257.377,4.27559875e-07
1288,257.578,4.48820791667e-07
1289,257.779,4.1886258333299997e-07
1290,257.978,4.41675208333e-07
1291,258.178,4.33959958333e-07
1292,258.378,4.29897333333e-07
1293,258.578,4.26075958333e-07
1294,258.778,4.44230375e-07
1295,258.978,4.3459e-07
1296,259.178,4.32507875e-07
1297,259.377,4.31699916667e-07
1298,259.578,4.29756541667e-07
1299,259.779,4.36250625e-07
1300,259.979,4.30403333333e-07
1301,260.178,4.30375458333e-07
1302,260.378,4.29612458333e-07
1303,260.578,4.19599666667e-07
1304,260.778,4.12083208333e-07
1305,260.979,4.4342887500000004e-07
1306,261.178,4.3377670833299997e-07
1307,261.377,4.2706020833299997e-07
1308,261.578,2.90825345833e-06
1309,261.779,1.8607625e-06
1310,261.978,4.51285166667e-07
1311,262.178,1.8438865000000002e-06
1312,262.378,1.9430754999999997e-06
1313,262.578,1.0690309999999999e-06
1314,262.781,2.06980716667e-06
1315,262.98,4.15922083333e-07
1316,263.178,3.77347208333e-07
1317,263.377,3.56361958333e-07
1318,263.578,1.9148953333299998e-06
1319,263.779,5.0468109166699996e-06
1320,263.982,1.28009816667e-06
1321,264.18,4.449011875e-06
1322,264.378,2.0586183333299998e-06
1323,264.578,4.261605e-07
1324,264.778,1.7433015e-06
1325,264.978,1.85715483333e-06
1326,265.178,4.2533708333299997e-07
1327,265.378,3.73151083333e-07
1328,265.581,4.20398633333e-06
1329,265.779,3.4164308333299998e-06
1330,265.989,2.00092470833e-06
1331,266.178,4.959831208330001e-06
1332,266.378,5.125975e-07
1333,266.579,4.38841166667e-07
1334,266.777,4.41478291667e-07
1335,266.978,4.5114150000000004e-07
1336,267.178,4.59170541667e-07
1337,267.377,4.49257e-07
1338,267.577,4.50383875e-07
1339,267.778,4.46390083333e-07
1340,267.981,4.47721125e-07
1341,268.178,4.550835e-07
1342,268.378,4.60598041667e-07
1343,268.578,4.49032625e-07
1344,268.778,4.35016541667e-07
1345,268.978,4.40676625e-07
1346,269.182,4.52523708333e-07
1347,269.377,4.5602325e-07
1348,269.578,4.5930425e-07
1349,269.779,4.64237833333e-07
1350,269.978,4.5020295833299997e-07
1351,270.178,4.3971045833299997e-07
1352,270.378,4.49388208333e-07
1353,270.578,4.58737833333e-07
1354,270.778,4.70294e-07
1355,270.978,4.6119124999999994e-07
1356,271.178,4.58901916667e-07
1357,271.377,4.48338291667e-07
1358,271.578,4.60424916667e-07
1359,271.779,4.42461833333e-07
1360,271.978,4.61186416667e-07
1361,272.179,4.55449708333e-07
1362,272.378,4.48462291667e-07
1363,272.578,4.5968537499999996e-07
1364,272.778,4.62318791667e-07
1365,272.978,4.61153583333e-07
1366,273.179,4.41225125e-07
1367,273.377,4.48000083333e-07
1368,273.578,4.4715258333299997e-07
1369,273.778,4.6641475e-07
1370,273.981,4.6239591666700003e-07
1371,274.178,4.68206291667e-07
1372,274.378,4.74345958333e-07
1373,274.579,4.36195875e-07
1374,274.778,4.57987666667e-07
1375,274.979,4.55145041667e-07
1376,275.178,4.5401979166700003e-07
1377,275.377,4.58876125e-07
1378,275.578,4.50343166667e-07
1379,275.778,4.4295499999999996e-07
1380,275.978,4.65863583333e-07
1381,276.178,4.66654166667e-07
1382,276.378,4.5051112500000003e-07
1383,276.578,4.59498583333e-07
1384,276.778,4.61423083333e-07
1385,276.978,4.50507625e-07
1386,277.179,4.51071625e-07
1387,277.38,4.63864083333e-07
1388,277.578,4.5222e-07
1389,277.778,4.49562e-07
1390,277.98,4.55863041667e-07
1391,278.178,4.4217849999999996e-07
1392,278.378,4.47153583333e-07
1393,278.578,4.39311625e-07
1394,278.778,4.51052625e-07
1395,278.977,4.37609041667e-07
1396,279.178,4.4166074999999997e-07
1397,279.379,4.66828083333e-07
1398,279.578,4.5266954166700003e-07
1399,279.778,4.59385083333e-07
1400,279.978,4.4749904166700003e-07
1401,280.179,4.46091833333e-07
1402,280.378,4.51062041667e-07
1403,280.579,4.55608291667e-07
1404,280.778,4.31007416667e-07
1405,280.979,4.51893625e-07
1406,281.178,4.46601375e-07
1407,281.378,4.40507875e-07
1408,281.578,4.57520125e-07
1409,281.779,4.5828999999999996e-07
1410,281.978,4.55324833333e-07
1411,282.178,4.5090904166700003e-07
1412,282.378,4.56028083333e-07
1413,282.578,4.70794916667e-07
1414,282.781,4.50044083333e-07
1415,282.978,4.46264458333e-07
1416,283.178,4.56570125e-07
1417,283.378,4.5542920833299997e-07
1418,283.578,4.6006974999999996e-07
1419,283.778,4.35950458333e-07
1420,283.978,4.61710458333e-07
1421,284.178,4.62414125e-07
1422,284.378,4.5359658333299997e-07
1423,284.578,4.58605875e-07
1424,284.779,4.75737708333e-07
1425,284.977,4.6084625e-07
1426,285.178,4.64050375e-07
1427,285.379,4.56825833333e-07
1428,285.578,4.72087041667e-07
1429,285.778,4.4289175e-07
1430,285.978,4.5820675e-07
1431,286.178,4.5887099999999995e-07
1432,286.378,4.63436916667e-07
1433,286.578,4.45416958333e-07
1434,286.778,4.58417458333e-07
1435,286.98,4.60712208333e-07
1436,287.178,4.39006916667e-07
1437,287.379,4.30926583333e-07
1438,287.578,4.6378425e-07
1439,287.778,4.79810333333e-07
1440,287.978,4.44810416667e-07
1441,288.178,4.77021125e-07
1442,288.379,4.63341583333e-07
1443,288.578,4.5754479166700003e-07
1444,288.778,4.41101166667e-07
1445,288.977,4.6436454166700003e-07
1446,289.178,4.5770962500000006e-07
1447,289.379,4.65461291667e-07
1448,289.578,4.5706000000000004e-07
1449,289.778,4.49982791667e-07
1450,289.978,4.6041575000000003e-07
1451,290.18,4.45581208333e-07
1452,290.378,4.70115875e-07
1453,290.578,4.5643599999999997e-07
1454,290.778,4.51667e-07
1455,290.98,4.54760541667e-07
1456,291.179,4.5388874999999996e-07
1457,291.379,4.48528125e-07
1458,291.578,4.51653166667e-07
1459,291.778,4.3585775e-07
1460,291.978,4.6868925e-07
1461,292.178,4.57309375e-07
1462,292.378,4.53157625e-07
1463,292.578,4.40346541667e-07
1464,292.778,4.58825541667e-07
1465,292.98,4.47312541667e-07
1466,293.178,4.492035e-07
1467,293.378,4.57834e-07
1468,293.578,4.58993291667e-07
1469,293.778,4.34873291667e-07
1470,293.978,4.63382166667e-07
1471,294.178,4.44803625e-07
1472,294.378,4.47720125e-07
1473,294.578,4.39961041667e-07
1474,294.779,4.31818e-07
1475,294.978,4.51657291667e-07
1476,295.178,4.66680875e-07
1477,295.379,4.5350754166700003e-07
1478,295.578,4.5615800000000003e-07
1479,295.778,4.68224291667e-07
1480,295.978,4.60878375e-07
1481,296.178,4.59500291667e-07
1482,296.378,4.6951291666700003e-07
1483,296.578,4.54790333333e-07
1484,296.778,4.45841541667e-07
1485,296.977,4.51323958333e-07
1486,297.179,4.47270375e-07
1487,297.381,4.58753416667e-07
1488,297.578,4.50796875e-07
1489,297.778,4.42403416667e-07
1490,297.978,4.6144e-07
1491,298.178,4.52809833333e-07
1492,298.381,4.50388375e-07
1493,298.578,4.5599237500000003e-07
1494,298.781,4.5169150000000003e-07
1495,298.977,4.3892220833299997e-07
1496,299.178,4.54077375e-07
1497,299.378,4.55568041667e-07
1498,299.578,4.6935725e-07
1499,299.778,4.5339045833299997e-07
1500,299.978,4.58328291667e-07
1501,300.178,4.56226541667e-07
1502,300.378,4.59439916667e-07
1503,300.578,4.44087791667e-07
1504,300.778,4.56015e-07
1505,300.978,4.56681625e-07
1506,301.179,4.5671716666700003e-07
1507,301.379,4.54370208333e-07
1508,301.578,4.54483208333e-07
1509,301.778,4.74970416667e-07
1510,301.98,4.53536541667e-07
1511,302.179,4.55379625e-07
1512,302.378,4.69440208333e-07
1513,302.578,4.55343375e-07
1514,302.778,4.62867541667e-07
1515,302.978,4.5182200000000003e-07
1516,303.178,4.4372812500000004e-07
1517,303.379,4.57632833333e-07
1518,303.578,4.53519791667e-07
1519,303.778,4.6365679166700003e-07
1520,303.978,4.56831e-07
1521,304.178,4.65503291667e-07
1522,304.378,4.5807029166700003e-07
1523,304.578,4.52552125e-07
1524,304.778,4.5738037499999997e-07
1525,304.98,4.41556166667e-07
1526,305.178,4.46394541667e-07
1527,305.378,4.5456916666700003e-07
1528,305.578,4.46299125e-07
1529,305.778,4.60079666667e-07
1530,305.982,4.51173166667e-07
1531,306.178,4.47581958333e-07
1532,306.378,4.68958625e-07
1533,306.578,4.37671083333e-07
1534,306.778,4.53178625e-07
1535,306.978,4.5014474999999995e-07
1536,307.178,4.48131833333e-07
1537,307.379,4.59923541667e-07
1538,307.578,4.50392541667e-07
1539,307.778,4.43884875e-07
1540,307.981,4.56489541667e-07
1541,308.179,4.54144708333e-07
1542,308.378,4.60747916667e-07
1543,308.578,4.567075e-07
1544,308.782,4.43995875e-07
1545,308.978,4.49791291667e-07
1546,309.178,4.4877537500000003e-07
1547,309.379,4.61176041667e-07
1548,309.578,4.51189e-07
1549,309.778,4.53801208333e-07
1550,309.981,4.43931916667e-07
1551,310.178,4.44707958333e-07
1552,310.378,4.41987125e-07
1553,310.578,4.64366041667e-07
1554,310.778,4.60897333333e-07
1555,310.978,4.394735e-07
1556,311.178,4.6054474999999994e-07
1557,311.379,4.59376708333e-07
1558,311.578,4.4951562500000003e-07
1559,311.778,4.469785e-07
1560,311.978,4.52331291667e-07
1561,312.178,4.45587625e-07
1562,312.378,4.5974075e-07
1563,312.578,4.57832041667e-07
1564,312.778,4.41238458333e-07
1565,312.979,4.68019041667e-07
1566,313.178,4.63955416667e-07
1567,313.379,4.57825875e-07
1568,313.578,4.6593512500000005e-07
1569,313.778,4.44806833333e-07
1570,313.979,4.39441416667e-07
1571,314.178,4.69799291667e-07
1572,314.378,4.50384583333e-07
1573,314.578,4.71312875e-07
1574,314.778,4.772144999999999e-07
1575,314.98,4.51240875e-07
1576,315.178,4.5808266666700003e-07
1577,315.379,4.60524916667e-07
1578,315.578,4.63750541667e-07
1579,315.778,4.85078958333e-07
1580,315.978,4.40344583333e-07
1581,316.178,4.50488416667e-07
1582,316.378,4.634635e-07
1583,316.578,4.46720166667e-07
1584,316.778,4.53924916667e-07
1585,316.977,4.5348854166700003e-07
1586,317.178,4.4449687500000004e-07
1587,317.379,4.48470875e-07
1588,317.578,4.6188525e-07
1589,317.778,4.52091291667e-07
1590,317.978,4.57029208333e-07
1591,318.181,4.554855e-07
1592,318.378,4.5125625e-07
1593,318.578,4.61076875e-07
1594,318.778,1.918741e-06
1595,318.977,5.44625116667e-06
1596,319.179,5.11465333333e-07
1597,319.379,4.64426e-07
1598,319.578,4.5723483333299997e-07
1599,319.778,4.64941333333e-07
1600,319.978,4.61432666667e-07
1601,320.178,4.6047150000000003e-07
1602,320.378,1.73318445833e-06
1603,320.578,6.2521755e-06
1604,320.781,2.056758125e-06
1605,320.977,5.3932899583300005e-06
1606,321.178,5.10538041667e-07
1607,321.379,4.71827458333e-07
1608,321.578,4.63328291667e-07
1609,321.779,4.62505125e-07
1610,321.978,4.64750125e-07
1611,322.184,4.6526949999999997e-07
1612,322.378,4.58208833333e-07
1613,322.578,4.53700166667e-07
1614,322.778,4.3003375e-07
1615,322.977,4.56185291667e-07
1616,323.179,2.4981086666700003e-06
1617,323.379,1.69139383333e-06
1618,323.578,3.96391333333e-07
1619,323.778,3.46997333333e-07
1620,323.979,3.36140833333e-07
1621,324.178,3.4444466666700003e-07
1622,324.378,3.54334e-07
1623,324.578,1.4834467916700002e-06
1624,324.779,3.60051208333e-07
1625,324.98,3.3064304166700003e-07
1626,325.179,3.26159666667e-07
1627,325.379,3.38433541667e-07
1628,325.578,1.954091125e-06
1629,325.778,4.21924666667e-07
1630,325.979,3.63784875e-07
1631,326.178,3.5885829166700003e-07
1632,326.378,3.50152458333e-07
1633,326.578,3.66073333333e-07
1634,326.778,3.58338291667e-07
1635,326.977,3.51529541667e-07
1636,327.178,3.56879541667e-07
1637,327.378,3.46411625e-07
1638,327.581,3.5528808333299997e-07
1639,327.778,3.4748175000000003e-07
1640,327.979,3.7550400000000005e-07
1641,328.178,1.3319768333299998e-06
1642,328.378,3.5851207916699996e-06
1643,328.578,4.59272291667e-07
1644,328.778,4.0425520833299997e-07
1645,328.977,4.20334666667e-07
1646,329.181,4.20660833333e-07
1647,329.378,4.2977675e-07
1648,329.578,4.3658775e-07
1649,329.778,4.5405770833299997e-07
1650,329.981,4.36023083333e-07
1651,330.178,4.14536875e-07
