,Elapsed_Time,Data
0,0.0,9.81571230719e-06
1,0.188,9.93842981789e-06
2,0.386,9.87735303275e-06
3,0.586,9.84543213256e-06
4,0.786,9.73736171517e-06
5,0.986,9.88758126005e-06
6,1.187,9.83459038209e-06
7,1.386,9.81200868039e-06
8,1.585,9.850609659139999e-06
9,1.789,9.8398541493e-06
10,1.985,9.82613104127e-06
11,2.187,9.83857890129e-06
12,2.386,9.75354054508e-06
13,2.585,9.84863277205e-06
14,2.785,9.85832684497e-06
15,2.985,9.82058266608e-06
16,3.185,9.91926851521e-06
17,3.386,9.729337574589999e-06
18,3.585,9.92035336331e-06
19,3.786,9.79321663261e-06
20,3.985,9.75379023238e-06
21,4.186,9.864258215960001e-06
22,4.386,9.7863383622e-06
23,4.586,9.91456911365e-06
24,4.785,9.68780898225e-06
25,4.987,9.785882974310001e-06
26,5.186,9.81213072595e-06
27,5.386,9.35662050756e-06
28,5.586,9.79386929117e-06
29,5.786,9.816860551269999e-06
30,5.987,9.3471663822e-06
31,6.186,9.79770951983e-06
32,6.387,9.782182994030001e-06
33,6.585,9.76544780509e-06
34,6.786,9.67648882412e-06
35,6.986,9.58292256001e-06
36,7.186,9.720172874610001e-06
37,7.386,9.86008145742e-06
38,7.587,9.77443159705e-06
39,7.789,9.8101619491e-06
40,7.986,9.5648899156e-06
41,8.187,9.49759846165e-06
42,43.564,9.425609199189999e-06
43,133.547,9.82073350563e-06
44,146.739,9.91171966546e-06
45,146.925,9.86787184898e-06
46,147.124,9.89311359092e-06
47,147.323,9.88666818211e-06
48,147.531,9.85235173504e-06
49,147.724,9.91831155752e-06
50,147.924,9.84732763246e-06
51,148.123,9.769191383010001e-06
52,148.324,9.82796983856e-06
53,148.523,9.915566269889999e-06
54,148.724,9.94808950105e-06
55,148.923,9.87658009883e-06
56,149.124,9.79196660117e-06
57,149.326,9.87110539042e-06
58,149.523,9.91768737409e-06
59,149.724,9.82075751837e-06
60,149.924,9.81985917397e-06
61,150.123,9.79105203618e-06
62,150.324,9.64116838485e-06
63,150.523,9.86284122988e-06
64,150.724,9.84160621154e-06
65,150.924,9.71507726604e-06
66,151.124,9.80618819913e-06
67,151.324,9.60932756141e-06
68,151.532,9.865376992569999e-06
69,151.724,9.86113049924e-06
70,151.925,9.8208241365e-06
71,152.124,9.88928561617e-06
72,152.324,9.866451533810001e-06
73,152.525,9.891250816280001e-06
74,152.724,9.84931032796e-06
75,152.924,9.79456034016e-06
76,153.124,9.80451639108e-06
77,153.326,9.74020907443e-06
78,153.524,9.825442044139999e-06
79,153.724,9.76095091606e-06
80,153.924,9.754785086180001e-06
81,154.129,9.62261164593e-06
82,154.325,9.65244529897e-06
83,154.529,9.85285787418e-06
84,154.724,9.69567403174e-06
85,154.924,9.51780614872e-06
86,155.123,9.74732290089e-06
87,155.329,9.78784236568e-06
88,155.532,9.77689921843e-06
89,155.725,9.835741849039999e-06
90,155.924,9.70055728265e-06
91,156.128,9.72925795727e-06
92,156.324,9.53095122222e-06
93,156.525,9.76165584877e-06
94,156.724,9.79231414626e-06
95,156.924,9.71381912393e-06
96,157.123,9.80192523656e-06
97,157.324,9.814712140410001e-06
98,157.526,9.31402289913e-06
99,157.729,9.75488761778e-06
100,157.937,9.787155954830001e-06
101,158.129,9.80869853284e-06
102,158.324,9.78145702457e-06
103,158.529,9.44299651549e-06
104,158.724,9.702009081819999e-06
105,158.923,9.79215838246e-06
106,159.125,9.68917974874e-06
107,159.329,9.813883816219999e-06
108,159.524,9.73930949106e-06
109,159.724,9.61435407182e-06
110,159.927,9.6821309473e-06
111,160.124,9.747288087000002e-06
112,160.324,9.72830539027e-06
113,160.536,9.44428922427e-06
114,160.725,9.843135291130001e-06
115,160.924,9.717339398989999e-06
116,161.124,9.73505651596e-06
117,161.325,9.79787449133e-06
118,161.523,9.80951878277e-06
119,161.723,9.51316808881e-06
120,161.923,9.76955985733e-06
121,162.123,9.48252548264e-06
122,162.324,9.679817212289999e-06
123,162.523,9.670926600880001e-06
124,162.724,9.79111585726e-06
125,162.924,9.78974466528e-06
126,163.123,9.74468701534e-06
127,163.323,9.7089398406e-06
128,163.535,9.670245148889999e-06
129,163.733,9.337382598960001e-06
130,163.928,9.7626775495e-06
131,164.124,9.20431017685e-06
132,164.323,9.472615190889999e-06
133,164.525,9.51188490766e-06
134,164.723,9.416628028839999e-06
135,164.923,9.77384031625e-06
136,165.124,9.76221330763e-06
137,165.325,9.456712682780001e-06
138,165.525,9.58261765756e-06
139,165.724,9.42786814479e-06
140,165.923,9.7325692738e-06
141,166.125,9.793792366139999e-06
142,166.327,9.672142419980001e-06
143,166.538,9.71987250573e-06
144,166.729,9.34053748081e-06
145,166.925,9.33337244051e-06
146,167.125,9.29545029225e-06
147,167.323,9.35862353261e-06
148,167.524,9.76240416725e-06
149,167.723,9.61124990745e-06
150,167.925,9.28994962462e-06
151,168.124,9.53102503075e-06
152,168.324,9.76624800973e-06
153,168.528,9.69910024109e-06
154,168.724,9.24262544971e-06
155,168.924,9.6655397973e-06
156,169.124,9.31016177405e-06
157,169.323,9.83719099297e-06
158,169.524,9.6858510783e-06
159,169.723,9.291721307810001e-06
160,169.924,9.40245208235e-06
161,170.123,9.44564539929e-06
162,170.326,9.291611196869999e-06
163,170.529,9.551350514e-06
164,170.724,9.64595374353e-06
165,170.923,9.37223954063e-06
166,171.124,9.5805454282e-06
167,171.323,9.26735924459e-06
168,171.524,9.725040895210001e-06
169,171.723,9.17133538206e-06
170,171.924,9.62867154291e-06
171,172.124,9.69551486962e-06
172,172.324,9.68860617652e-06
173,172.526,9.228477482980001e-06
174,172.724,9.491440707860001e-06
175,172.924,9.66251864889e-06
176,173.124,9.418176232610001e-06
177,173.324,9.64046823224e-06
178,173.529,9.67647476328e-06
179,173.723,9.46484746595e-06
180,173.924,9.31782409893e-06
181,174.124,9.5060800096e-06
182,174.324,9.28502019213e-06
183,174.523,9.246983576519999e-06
184,174.724,8.881259282669999e-06
185,174.923,9.17168685778e-06
186,175.124,9.20883058295e-06
187,175.324,9.41869547659e-06
188,175.526,9.77710389085e-06
189,175.724,9.373859605010001e-06
190,175.926,8.83916841642e-06
191,176.123,9.35775015765e-06
192,176.324,9.46771394898e-06
193,176.528,9.2174387447e-06
194,176.724,9.230332004980001e-06
195,176.923,9.5796659617e-06
196,177.126,9.25515653872e-06
197,177.323,9.45744084961e-06
198,177.531,9.4464720237e-06
199,177.724,9.277351066080001e-06
200,177.924,9.25071617443e-06
201,178.123,9.231837744860001e-06
202,178.324,9.57370625768e-06
203,178.528,9.30752206302e-06
204,178.724,9.52816849933e-06
205,178.924,9.368340449210001e-06
206,179.124,9.146533692830001e-06
207,179.324,9.59953524278e-06
208,179.524,9.753439182369999e-06
209,179.726,9.04727986657e-06
210,179.924,9.79322697415e-06
211,180.124,9.71832044135e-06
212,180.325,9.22878334081e-06
213,180.529,9.311963065639999e-06
214,180.724,9.12743047489e-06
215,180.925,9.37535291424e-06
216,181.124,9.147166163460001e-06
217,181.324,8.85810556575e-06
218,181.527,9.43660876561e-06
219,181.724,9.25676477396e-06
220,181.925,9.195182416580001e-06
221,182.124,8.730189914810001e-06
222,182.324,9.57815852257e-06
223,182.528,9.203909401630001e-06
224,182.724,9.56746569923e-06
225,182.926,9.011774799310001e-06
226,183.123,9.66217907399e-06
227,183.324,9.24579534695e-06
228,183.525,8.77199667008e-06
229,183.725,8.76173561143e-06
230,183.924,8.68181797442e-06
231,184.125,9.19330550968e-06
232,184.325,9.496490203910001e-06
233,184.524,9.59832154848e-06
234,184.724,9.30115531549e-06
235,184.924,9.1856664181e-06
236,185.124,9.26660462177e-06
237,185.325,9.27776158006e-06
238,185.538,9.35346105736e-06
239,185.725,9.276423716219999e-06
240,185.924,9.37663290785e-06
241,186.126,9.20328263159e-06
242,186.328,9.15694856557e-06
243,186.527,9.5370956238e-06
244,186.723,8.76933539028e-06
245,186.924,9.359969507760001e-06
246,187.124,9.02854363485e-06
247,187.324,8.80048987477e-06
248,187.524,9.30423344948e-06
249,187.723,9.29585769046e-06
250,187.924,9.479945130639999e-06
251,188.124,9.14698089912e-06
252,188.323,8.79798945723e-06
253,188.527,9.492846998e-06
254,188.724,9.23600805816e-06
255,188.924,9.27555515678e-06
256,189.124,9.561050536910001e-06
257,189.324,8.7970921049e-06
258,189.529,9.267630749010001e-06
259,189.732,9.28509729297e-06
260,189.924,9.0760365347e-06
261,190.124,9.423491814119999e-06
262,190.324,9.37850715735e-06
263,190.53,9.13238625767e-06
264,190.729,9.63709564466e-06
265,190.924,9.231317615569999e-06
266,191.124,8.78566105735e-06
267,191.323,9.17066423665e-06
268,191.535,8.571712941119999e-06
269,191.727,9.42212448226e-06
270,191.923,9.18905207447e-06
271,192.124,9.638727290539999e-06
272,192.324,9.11219351608e-06
273,192.528,8.75439912021e-06
274,192.724,9.21976232623e-06
275,192.924,9.324935482260001e-06
276,193.125,9.552333964039999e-06
277,193.324,9.25099695798e-06
278,193.531,9.29311474057e-06
279,193.726,9.597835491260001e-06
280,193.925,9.16265907812e-06
281,194.124,9.50036096185e-06
282,194.324,8.947317599280001e-06
283,194.533,9.19529833473e-06
284,194.731,9.18795189144e-06
285,194.924,9.31362017676e-06
286,195.124,8.820156891160001e-06
287,195.33,9.18909418469e-06
288,195.528,9.27633202235e-06
289,195.723,9.33446851654e-06
290,195.924,9.226818105160001e-06
291,196.124,9.47752238298e-06
292,196.325,9.022460007880001e-06
293,196.526,8.70571643275e-06
294,196.724,9.282180908010001e-06
295,196.924,9.068112302989999e-06
296,197.124,8.28077975773e-06
297,197.323,8.99624954902e-06
298,197.524,9.19843281613e-06
299,197.723,8.658853241269999e-06
300,197.923,9.29393215769e-06
301,198.125,9.175611945230001e-06
302,198.324,9.27483124062e-06
303,198.526,8.91495349555e-06
304,198.723,9.209193922060001e-06
305,198.924,9.21766987431e-06
306,199.124,9.19199399474e-06
307,199.324,9.66434285558e-06
308,199.525,9.23534381836e-06
309,199.724,9.19506451418e-06
310,199.924,8.71963475847e-06
311,200.124,9.171665005630001e-06
312,200.324,8.96942836561e-06
313,200.524,9.1918084473e-06
314,200.723,9.45159242411e-06
315,200.924,9.31955554931e-06
316,201.123,8.77916139095e-06
317,201.324,9.14259433216e-06
318,201.523,8.642468782560001e-06
319,201.724,9.09124469935e-06
320,201.923,9.26019679113e-06
321,202.124,9.03691723253e-06
322,202.324,9.11932813286e-06
323,202.535,8.41015797489e-06
324,202.724,9.19013848087e-06
325,202.924,8.79454444285e-06
326,203.124,8.97716740376e-06
327,203.325,9.25505669857e-06
328,203.529,9.22634192763e-06
329,203.724,9.28580952236e-06
330,203.924,8.71202215793e-06
331,204.124,9.18142137649e-06
332,204.325,9.08184628455e-06
333,204.529,9.60363890132e-06
334,204.724,9.11769106803e-06
335,204.924,8.588670157489999e-06
336,205.124,8.8103410552e-06
337,205.325,9.12107435106e-06
338,205.529,9.34623662435e-06
339,205.723,9.2148138741e-06
340,205.924,8.92914091557e-06
341,206.124,9.041984578710001e-06
342,206.324,8.79802997443e-06
343,206.526,8.12903903206e-06
344,206.724,8.70754017799e-06
345,206.924,8.66274553235e-06
346,207.124,9.12090261648e-06
347,207.324,9.25216726552e-06
348,207.53,9.04116624092e-06
349,207.724,9.39297777002e-06
350,207.924,9.22778062433e-06
351,208.124,8.95274966609e-06
352,208.324,8.86156343685e-06
353,208.528,9.13734331564e-06
354,208.724,9.037204745360001e-06
355,208.924,8.70429686148e-06
356,209.124,8.824069299110001e-06
357,209.324,9.38590414107e-06
358,209.525,8.90682264316e-06
359,209.724,8.85285904726e-06
360,209.923,8.85228264089e-06
361,210.124,7.91027747264e-06
362,210.324,8.947578796830001e-06
363,210.524,8.45044089133e-06
364,210.724,8.680297536539999e-06
365,210.924,9.2890370779e-06
366,211.124,9.43737291635e-06
367,211.325,8.61542815791e-06
368,211.528,8.78803199104e-06
369,211.725,9.15813516634e-06
370,211.924,8.938028586880001e-06
371,212.124,8.94606222007e-06
372,212.324,8.65646559062e-06
373,212.528,8.73305795774e-06
374,212.724,9.32728275773e-06
375,212.924,8.5080759903e-06
376,213.125,8.928215691119999e-06
377,213.324,9.31518329132e-06
378,213.524,9.123882007330001e-06
379,213.724,8.9447420288e-06
380,213.924,8.9178930431e-06
381,214.13,8.59286915748e-06
382,214.323,8.12133420761e-06
383,214.524,8.80073963288e-06
384,214.724,9.00893916397e-06
385,214.923,8.813291299560001e-06
386,215.124,8.749599240539999e-06
387,215.323,8.856258090689999e-06
388,215.524,8.53897791797e-06
389,215.727,8.98238165763e-06
390,215.924,8.71039525674e-06
391,216.124,9.70230176572e-06
392,216.324,8.14187998216e-06
393,216.528,9.254931041139999e-06
394,216.724,8.68910842394e-06
395,216.924,8.6039268078e-06
396,217.125,8.825885749080001e-06
397,217.323,9.00484287225e-06
398,217.528,8.83043934055e-06
399,217.727,8.52420559018e-06
400,217.925,8.099797580569999e-06
401,218.124,8.884574848860001e-06
402,218.324,8.66786182385e-06
403,218.524,8.79546339943e-06
404,218.724,8.58104480723e-06
405,218.924,9.002209182810001e-06
406,219.124,8.915956743569999e-06
407,219.324,9.09174761575e-06
408,219.524,8.66911305984e-06
409,219.726,8.40216372428e-06
410,219.924,9.03434187482e-06
411,220.124,8.275779491439999e-06
412,220.324,8.84563928914e-06
413,220.528,8.913222399310001e-06
414,220.725,9.03202445627e-06
415,220.924,8.72435310774e-06
416,221.125,9.140786523960001e-06
417,221.329,8.24155254069e-06
418,221.524,9.41938638451e-06
419,221.724,9.45380483267e-06
420,221.924,8.75537895751e-06
421,222.124,8.86835146577e-06
422,222.324,8.14658855778e-06
423,222.525,7.6130456824100005e-06
424,222.724,8.29743522457e-06
425,222.924,8.82118404474e-06
426,223.124,8.0250399738e-06
427,223.324,8.694608632339999e-06
428,223.535,8.85923904145e-06
429,223.729,8.7487506573e-06
430,223.924,9.07223065974e-06
431,224.124,8.81736634086e-06
432,224.324,8.9006762929e-06
433,224.524,8.2144088534e-06
434,224.724,8.6597271116e-06
435,224.924,7.85931625329e-06
436,225.128,8.32300591603e-06
437,225.324,8.27067548813e-06
438,225.528,9.230292091060001e-06
439,225.724,8.80803674064e-06
440,225.924,8.39131673264e-06
441,226.124,8.67308231162e-06
442,226.324,9.12771720749e-06
443,226.527,8.61917215963e-06
444,226.725,8.92423216535e-06
445,226.924,9.34958250821e-06
446,227.131,9.41991182607e-06
447,227.324,8.40135633028e-06
448,227.529,8.59400826355e-06
449,227.724,9.46986459183e-06
450,227.924,8.75375790137e-06
451,228.125,8.54504146386e-06
452,228.323,8.7194412409e-06
453,228.524,8.71858429908e-06
454,228.723,8.84441539492e-06
455,228.924,8.83360587341e-06
456,229.124,8.5797553576e-06
457,229.325,8.59473122443e-06
458,229.525,8.727299208289999e-06
459,229.724,9.08007031653e-06
460,229.924,8.72885966578e-06
461,230.124,8.70431237393e-06
462,230.327,8.50815231471e-06
463,230.53,8.88066169733e-06
464,230.724,8.7883699716e-06
465,230.924,8.581051041560001e-06
466,231.124,9.3085239668e-06
467,231.324,8.862013298969999e-06
468,231.524,8.40680585699e-06
469,231.724,8.78283466555e-06
470,231.925,8.331210966130001e-06
471,232.124,8.54977217452e-06
472,232.323,9.02863497422e-06
473,232.524,9.20645632005e-06
474,232.725,7.3691146652e-06
475,232.925,8.5179911702e-06
476,233.124,8.52509639108e-06
477,233.325,8.516040773839999e-06
478,233.529,8.23477216143e-06
479,233.723,8.85885923257e-06
480,233.924,7.3662357160199996e-06
481,234.13,7.96272491552e-06
482,234.324,7.58910713235e-06
483,234.526,7.9613909826e-06
484,234.724,9.07020904105e-06
485,234.925,8.65428222424e-06
486,235.124,8.20323156669e-06
487,235.324,9.02359914971e-06
488,235.528,7.73614154931e-06
489,235.725,8.11378875743e-06
490,235.925,8.88094251678e-06
491,236.124,8.535365665439999e-06
492,236.324,8.76311565668e-06
493,236.529,8.50603443285e-06
494,236.724,9.170508049989999e-06
495,236.924,8.66904360696e-06
496,237.124,8.873601172180001e-06
497,237.324,8.18014128092e-06
498,237.528,8.781785447910001e-06
499,237.724,8.4336305832e-06
500,237.924,7.775241266060001e-06
501,238.124,7.94712755762e-06
502,238.324,8.61700448315e-06
503,238.524,8.18717095777e-06
504,238.724,8.20242955598e-06
505,238.924,8.80862936791e-06
506,239.13,8.81034519915e-06
507,239.324,9.01999851445e-06
508,239.525,7.197068609739999e-06
509,239.724,8.75382618445e-06
510,239.924,7.76715008127e-06
511,240.124,7.852025024010001e-06
512,240.324,8.36086973227e-06
513,240.524,7.75099742417e-06
514,240.725,7.0148579351e-06
515,240.924,8.74633198229e-06
516,241.125,8.49581941585e-06
517,241.324,8.32487336616e-06
518,241.524,8.32267257437e-06
519,241.724,8.641862024010001e-06
520,241.924,8.638383541089999e-06
521,242.124,8.789764291360001e-06
522,242.327,8.97452910962e-06
523,242.524,9.19129352454e-06
524,242.724,8.12243800345e-06
525,242.924,8.02122829104e-06
526,243.124,8.887646359860001e-06
527,243.325,7.47685244967e-06
528,243.529,8.26786386601e-06
529,243.724,6.67628221581e-06
530,243.924,7.75819579111e-06
531,244.124,8.0307015764e-06
532,244.324,8.27047435706e-06
533,244.525,8.72408280782e-06
534,244.724,8.54922704106e-06
535,244.924,7.91717529275e-06
536,245.125,7.39592076204e-06
537,245.325,7.99463547399e-06
538,245.528,8.66383636592e-06
539,245.725,8.04825113615e-06
540,245.924,8.55700138885e-06
541,246.125,7.55378003415e-06
542,246.324,8.53238301625e-06
543,246.526,7.42001436587e-06
544,246.724,8.38402670685e-06
545,246.924,8.34998704023e-06
546,247.124,8.18656929969e-06
547,247.324,7.71457067465e-06
548,247.526,8.706030967580001e-06
549,247.723,8.80246994892e-06
550,247.924,7.51773302259e-06
551,248.13,8.69394226762e-06
552,248.324,8.788267901210001e-06
553,248.528,8.65041231593e-06
554,248.724,9.24592401581e-06
555,248.924,8.744310895e-06
556,249.124,7.98282539705e-06
557,249.324,8.32972020832e-06
558,249.524,8.0953256953e-06
559,249.724,8.87702571587e-06
560,249.924,8.52461284725e-06
561,250.124,9.08954271597e-06
562,250.324,9.23906171798e-06
563,250.53,7.5753275343e-06
564,250.724,8.565176369819999e-06
565,250.924,8.035047733039999e-06
566,251.125,8.09434883255e-06
567,251.325,8.57440106582e-06
568,251.528,8.70584116992e-06
569,251.724,8.60692050771e-06
570,251.925,8.57753359925e-06
571,252.124,8.7369286806e-06
572,252.324,8.128900907710001e-06
573,252.524,8.28941242837e-06
574,252.725,7.98641586807e-06
575,252.924,8.04455625755e-06
576,253.124,8.68316724326e-06
577,253.324,7.46017417445e-06
578,253.525,8.32081266832e-06
579,253.724,7.366193109210001e-06
580,253.924,7.78325081619e-06
581,254.124,7.38926235777e-06
582,254.325,7.97602925722e-06
583,254.529,7.81274383249e-06
584,254.724,8.643815324360001e-06
585,254.923,8.382467913839999e-06
586,255.125,7.10834061582e-06
587,255.323,6.3681924913e-06
588,255.529,7.00581007443e-06
589,255.724,8.7329997323e-06
590,255.924,7.80614939157e-06
591,256.125,8.38932383702e-06
592,256.328,8.86198879129e-06
593,256.524,8.477664974710001e-06
594,256.725,7.95691853025e-06
595,256.924,8.340593089069999e-06
596,257.124,8.76292525785e-06
597,257.327,8.08721648336e-06
598,257.526,8.0753528905e-06
599,257.724,8.027146416519999e-06
600,257.924,7.73012847244e-06
601,258.124,8.53375983902e-06
602,258.33,8.30501003482e-06
603,258.524,7.433595524189999e-06
604,258.724,7.68273661581e-06
605,258.924,8.59431366112e-06
606,259.125,7.87356009321e-06
607,259.324,8.86370830574e-06
608,259.525,7.22194014052e-06
609,259.724,6.68767218016e-06
610,259.924,7.730423316389999e-06
611,260.124,8.47584207846e-06
612,260.324,7.08004581617e-06
613,260.526,7.78857238287e-06
614,260.724,8.62031622413e-06
615,260.924,7.537487482789999e-06
616,261.124,8.04490918475e-06
617,261.324,8.61366341603e-06
618,261.525,8.11700792042e-06
619,261.724,7.6684301247e-06
620,261.924,8.55493068294e-06
621,262.124,7.379007071869999e-06
622,262.324,7.910938914e-06
623,262.524,8.09166934926e-06
624,262.724,8.20781094092e-06
625,262.924,6.77187172877e-06
626,263.124,8.31753644985e-06
627,263.324,7.50666619918e-06
628,263.524,8.44271764935e-06
629,263.724,8.0012437992e-06
630,263.924,6.89717157404e-06
631,264.126,7.31682911168e-06
632,264.324,8.58416487415e-06
633,264.528,7.43282517663e-06
634,264.724,7.45596426657e-06
635,264.924,8.57293694054e-06
636,265.124,8.490684424339999e-06
637,265.324,8.11058850773e-06
638,265.524,8.72313073683e-06
639,265.724,8.81807184095e-06
640,265.924,5.7997365752e-06
641,266.124,8.52683403875e-06
642,266.324,7.3433749660800005e-06
643,266.524,7.431427174589999e-06
644,266.725,8.612589440739999e-06
645,266.924,7.45859558275e-06
646,267.124,8.49073797385e-06
647,267.324,7.4720162323699995e-06
648,267.524,8.37394985152e-06
649,267.724,8.56215136209e-06
650,267.924,7.6175353827600005e-06
651,268.124,8.71726084899e-06
652,268.326,8.84725219929e-06
653,268.525,8.31407553257e-06
654,268.724,8.687195038489999e-06
655,268.924,7.76899093285e-06
656,269.124,7.65312063248e-06
657,269.324,7.81028322435e-06
658,269.525,8.372038307660001e-06
659,269.724,7.416406682460001e-06
660,269.924,7.76567961636e-06
661,270.125,8.25538551226e-06
662,270.324,7.158817583169999e-06
663,270.525,6.2533032326e-06
664,270.724,8.646016682689999e-06
665,270.924,8.316845824539999e-06
666,271.124,8.98913133035e-06
667,271.324,7.74183240589e-06
668,271.525,7.94791848284e-06
669,271.724,6.7148197643e-06
670,271.924,7.40290896633e-06
671,272.124,7.76613663328e-06
672,272.324,8.56263933285e-06
673,272.525,7.71230882453e-06
674,272.724,6.24217871567e-06
675,272.925,8.68585079922e-06
676,273.124,4.68052871855e-06
677,273.324,7.24182504115e-06
678,273.53,5.12611284989e-06
679,273.724,7.7900356575e-06
680,273.924,7.97878541788e-06
681,274.125,7.6015818737699995e-06
682,274.325,7.95277269081e-06
683,274.524,8.39785974962e-06
684,274.724,6.1464929415300004e-06
685,274.924,8.65341564872e-06
686,275.124,8.14443734921e-06
687,275.325,7.446945482310001e-06
688,275.524,6.0763874908599994e-06
689,275.724,8.43277158675e-06
690,275.924,8.39640653295e-06
691,276.125,9.15894691608e-06
692,276.324,8.45519763236e-06
693,276.524,7.921158641060001e-06
694,276.724,8.81642521352e-06
695,276.925,7.358849074069999e-06
696,277.124,8.33441773261e-06
697,277.324,7.46744521572e-06
698,277.529,6.47148675797e-06
699,277.725,7.4234146491800005e-06
700,277.925,6.6159941244e-06
701,278.124,6.53654363298e-06
702,278.324,7.035016428280001e-06
703,278.524,6.38669897464e-06
704,278.724,6.94034257893e-06
705,278.924,6.37729418504e-06
706,279.124,6.42743667648e-06
707,279.324,8.93684517471e-06
708,279.526,7.92424909945e-06
709,279.724,8.42973602437e-06
710,279.924,7.0251658851e-06
711,280.123,7.74441814148e-06
712,280.324,7.71933350785e-06
713,280.523,8.518609190589999e-06
714,280.728,7.40197708267e-06
715,280.923,7.92478884952e-06
716,281.124,8.04046109844e-06
717,281.324,7.32051874902e-06
718,281.524,7.71633527395e-06
719,281.725,8.69641884891e-06
720,281.924,7.65691814936e-06
721,282.124,4.61515684777e-06
722,282.324,8.34493131194e-06
723,282.527,6.0689764826599995e-06
724,282.724,6.3899021993e-06
725,282.924,7.5768010103e-06
726,283.124,6.3006604159199995e-06
727,283.324,6.08967497462e-06
728,283.526,8.5080427348e-06
729,283.724,4.92485495017e-06
730,283.924,7.2000238473699995e-06
731,284.125,8.4722116578e-06
732,284.324,6.5872663912900005e-06
733,284.525,6.3099024659900005e-06
734,284.725,6.86484324141e-06
735,284.924,6.9137902079e-06
736,285.125,7.118229622489999e-06
737,285.324,6.3122976249e-06
738,285.525,7.63104797428e-06
739,285.724,7.71534842393e-06
740,285.924,8.32157352505e-06
741,286.125,8.14978880844e-06
742,286.329,7.55598149898e-06
743,286.526,7.81804673467e-06
744,286.724,7.46051006542e-06
745,286.924,6.2610815821400005e-06
746,287.125,6.80205544101e-06
747,287.328,7.746493274769999e-06
748,287.524,5.334864566930001e-07
749,287.724,6.8518637408300006e-06
750,287.924,8.9301662992e-06
751,288.124,7.27948542453e-06
752,288.323,8.397472715839999e-06
753,288.525,6.84521985764e-06
754,288.725,7.1273691764e-06
755,288.924,8.9117937264e-06
756,289.124,6.0914282767099994e-06
757,289.324,4.53997973125e-06
758,289.53,6.19539623944e-06
759,289.724,8.49916551168e-06
760,289.924,8.040931893289999e-06
761,290.125,7.968241344789999e-06
762,290.324,6.5822945285300005e-06
763,290.532,7.466757707810001e-06
764,290.73,8.5106847819e-06
765,290.924,7.23566608233e-06
766,291.124,6.78590161633e-06
767,291.325,6.64781189113e-06
768,291.524,6.905227662080001e-06
769,291.724,8.25678075161e-06
770,291.925,6.142652074430001e-06
771,292.124,8.02260670825e-06
772,292.324,7.66915999153e-06
773,292.528,6.54408384091e-06
774,292.724,6.632184641280001e-06
775,292.924,7.447238803510001e-06
776,293.124,6.64471973292e-06
777,293.327,7.6873096511e-06
778,293.525,5.90328215809e-06
779,293.724,6.8170630412199994e-06
780,293.925,6.57716300778e-06
781,294.124,5.29992088503e-06
782,294.325,6.00985756591e-06
783,294.525,8.522353015419999e-06
784,294.724,7.91059229061e-06
785,294.928,5.0713553182599995e-06
786,295.131,6.32031354921e-06
787,295.33,7.80879855713e-06
788,295.527,6.475770899469999e-06
789,295.729,4.58922904951e-06
790,295.925,5.77482406642e-06
791,296.124,6.18526051989e-06
792,296.325,6.99584637475e-06
793,296.524,7.17827167447e-06
794,296.724,6.42908819114e-06
795,296.925,5.41343948291e-06
796,297.124,5.96157119164e-06
797,297.324,7.543598380860001e-06
798,297.526,2.50823312525e-06
799,297.725,6.8382157164e-06
800,297.924,8.443370591260001e-06
801,298.123,7.87135529884e-06
802,298.327,5.9003021643300005e-06
803,298.523,6.74366731223e-06
804,298.728,8.2926907725e-06
805,298.924,5.502508043169999e-06
806,299.123,6.89577049102e-06
807,299.329,8.46622995986e-06
808,299.525,8.310287791069999e-06
809,299.724,8.04076345122e-06
810,299.929,7.775776341089999e-06
811,300.124,6.67932946617e-06
812,300.328,7.52882810764e-06
813,300.529,7.436887468489999e-06
814,300.724,7.77100529142e-06
815,300.93,7.361844616160001e-06
816,301.125,8.17057190968e-06
817,301.328,7.53333055805e-06
818,301.524,6.79413035978e-06
819,301.725,8.07790296194e-06
820,301.924,6.43539830773e-06
821,302.125,6.5341552033800004e-06
822,302.325,8.43475187431e-06
823,302.526,8.165579789080001e-06
824,302.724,7.363652283080001e-06
825,302.924,7.90625194279e-06
826,303.124,7.73820573907e-06
827,303.324,8.384051073719999e-06
828,303.525,8.51167120807e-06
829,303.724,6.22857988508e-06
830,303.924,5.0651925703e-06
831,304.125,8.4836335326e-06
832,304.325,8.5999410871e-06
833,304.524,7.9864903497e-06
834,304.725,5.151278693169999e-06
835,304.924,7.5331489406600004e-06
836,305.124,6.17837502481e-06
837,305.323,6.38213776895e-06
838,305.525,7.0900412497e-06
839,305.725,6.7190009497300004e-06
840,305.925,6.5879690936e-06
841,306.124,8.46416371572e-06
842,306.324,7.6082371264800005e-06
843,306.526,7.934629582769999e-06
844,306.724,3.64344255015e-06
845,306.924,6.94158821847e-06
846,307.124,8.00834533672e-06
847,307.327,7.34344537468e-06
848,307.524,6.16509023286e-06
849,307.724,6.870170616e-06
850,307.928,6.28752256778e-06
851,308.124,7.843751089130001e-06
852,308.326,7.26995490589e-06
853,308.524,5.21635678331e-06
854,308.725,3.8687283563300005e-06
855,308.924,8.049993707360001e-06
856,309.124,7.60933943478e-06
857,309.325,7.52330969553e-06
858,309.524,7.83209642033e-06
859,309.724,5.97861652482e-06
860,309.924,8.72943426622e-06
861,310.124,7.063997391110001e-06
862,310.324,6.18707888309e-06
863,310.524,7.475720248969999e-06
864,310.724,5.5711966496400005e-06
865,310.924,7.43516065774e-06
866,311.124,8.6798913074e-06
867,311.328,6.78958225736e-06
868,311.524,7.389322424510001e-06
869,311.725,7.204170041069999e-06
870,311.93,6.2890419073300006e-06
871,312.124,5.72721414976e-06
872,312.325,4.90732908769e-07
873,312.534,3.93896651234e-06
874,312.724,6.9155798828e-06
875,312.924,7.157915661630001e-06
876,313.125,6.8421295410000004e-06
877,313.325,8.364030422519999e-06
878,313.527,5.70383107481e-06
879,313.724,6.27193409973e-06
880,313.924,4.826689866369999e-06
881,314.124,5.62986648276e-06
882,314.331,6.18226972414e-06
883,314.524,6.51244939128e-06
884,314.725,7.44309583276e-06
885,314.924,5.56809531809e-06
886,315.129,6.5224747161900005e-06
887,315.331,7.328012490689999e-06
888,315.528,6.21912147425e-06
889,315.724,7.99230650973e-06
890,315.928,5.27030557544e-06
891,316.125,4.38541222461e-06
892,316.328,8.79913104303e-06
893,316.524,7.78986849154e-06
894,316.724,7.10604628916e-06
895,316.928,2.05909627766e-06
896,317.124,5.52508368884e-06
897,317.329,6.21641379905e-06
898,317.528,5.3575406497300004e-06
899,317.731,6.76080437452e-06
900,317.924,5.8666972013800006e-06
901,318.128,7.6538225559e-06
902,318.331,5.93960308319e-06
903,318.535,5.01191450449e-07
904,318.725,2.54605231682e-06
905,318.924,5.5124928871199995e-06
906,319.125,3.8008469667199996e-06
907,319.328,2.44572270871e-06
908,319.528,7.31012169143e-06
909,319.724,6.25045899143e-06
910,319.928,7.559071249160001e-06
911,320.124,7.05985817393e-06
912,320.329,8.675131803430001e-06
913,320.529,8.03971621576e-06
914,320.727,6.70786478093e-06
915,320.925,7.84426254096e-06
916,321.129,9.12027574165e-06
917,321.327,6.23580017447e-06
918,321.53,5.2455974558e-06
919,321.732,5.89769903904e-06
920,321.928,6.56121190758e-06
921,322.124,6.4324546166e-06
922,322.325,5.56815049746e-06
923,322.527,6.84808959961e-06
924,322.724,8.01534880549e-06
925,322.928,8.63237191602e-06
926,323.126,5.52695273268e-06
927,323.329,4.30319600991e-06
928,323.529,2.39340945842e-06
929,323.725,6.872099159830001e-06
930,323.925,3.6799384332e-06
931,324.125,8.32928911542e-06
932,324.328,6.40621029999e-06
933,324.528,5.02231141614e-06
934,324.725,6.43936511612e-06
935,324.924,4.21347039949e-06
936,325.124,7.97699896583e-06
937,325.329,7.61789677448e-06
938,325.525,6.74054575794e-06
939,325.728,7.5771183076e-06
940,325.926,6.77355968706e-06
941,326.128,2.8007022939999998e-06
942,326.329,6.9034950434300005e-06
943,326.525,7.5281135406e-06
944,326.725,2.4181563584700002e-06
945,326.93,4.00795725773e-06
946,327.126,6.38379197451e-06
947,327.328,2.67046685224e-06
948,327.53,5.1954626498e-06
949,327.728,7.21354501007e-06
950,327.93,6.219609657530001e-06
951,328.136,3.9814618019e-06
952,328.326,5.970213566280001e-06
953,328.526,3.38407964213e-06
954,328.724,6.14159155768e-06
955,328.928,7.92658560784e-06
956,329.127,7.04085008506e-06
957,329.324,5.15098696639e-06
958,329.528,2.55443785007e-06
959,329.725,2.20680042296e-06
960,329.93,6.6780944869699994e-06
961,330.129,7.0582438828800005e-06
962,330.325,3.40338671869e-06
963,330.528,4.1793328416e-06
964,330.725,8.40885903265e-06
965,330.927,4.98288572453e-06
966,331.125,5.95309353944e-06
967,331.324,5.76768151597e-06
968,331.529,6.5064862160400006e-06
969,331.733,4.61123030772e-06
970,331.925,7.94462267867e-06
971,332.124,7.379921424019999e-06
972,332.324,6.55300189996e-06
973,332.526,4.51468585576e-06
974,332.724,4.946466983770001e-07
975,332.929,4.02869541627e-06
976,333.124,4.21503291243e-06
977,333.324,6.21258256614e-06
978,333.53,7.580192616310001e-06
979,333.728,4.8831967331900005e-06
980,333.924,6.30758869551e-06
981,334.128,5.97380187632e-06
982,334.324,2.28577353362e-06
983,334.531,6.52399904938e-06
984,334.726,7.4417519827600005e-06
985,334.924,5.54691197288e-06
986,335.129,6.40268793498e-06
987,335.324,6.2497909972900005e-06
988,335.524,5.4150240245800005e-06
989,335.726,6.81898106563e-06
990,335.931,7.94304089918e-06
991,336.128,3.30806782503e-06
992,336.329,5.87885953219e-06
993,336.525,3.38657322275e-06
994,336.729,7.919928938539999e-06
995,336.929,5.44658494912e-06
996,337.129,4.5968759329599995e-06
997,337.324,2.74949570877e-06
998,337.524,7.5093320822e-06
999,337.724,5.26356804999e-06
1000,337.924,6.22049585375e-06
1001,338.129,5.53561749161e-06
1002,338.33,5.87005052246e-06
1003,338.526,7.40186268691e-06
1004,338.725,8.122003299060001e-06
1005,338.925,8.63047705317e-06
1006,339.125,4.98778838336e-06
1007,339.324,5.0991868329e-06
1008,339.526,6.9545037204300005e-06
1009,339.724,5.38302676636e-06
1010,339.928,7.41588113437e-06
1011,340.124,8.03470858228e-06
1012,340.328,4.02723511645e-06
1013,340.524,8.03795515748e-06
1014,340.728,6.71276549084e-06
1015,340.929,5.19207377571e-07
1016,341.125,5.15393685608e-06
1017,341.324,6.88658408064e-06
1018,341.527,7.91757943291e-06
1019,341.725,3.9501626418e-06
1020,341.925,7.509602099460001e-06
1021,342.125,6.64915163262e-06
1022,342.327,7.446465267710001e-06
1023,342.525,4.59534040805e-06
1024,342.724,5.457532453669999e-06
1025,342.924,8.36240639131e-06
1026,343.129,4.56989381658e-06
1027,343.325,7.8589840804e-06
1028,343.527,7.31454686172e-06
1029,343.725,6.968605007760001e-06
1030,343.924,2.31540453389e-06
1031,344.125,6.14198326625e-06
1032,344.325,7.52646075108e-06
1033,344.525,5.716850985230001e-06
1034,344.724,7.3156024202300006e-06
1035,344.926,4.25429193344e-06
1036,345.125,7.0293289723699995e-06
1037,345.329,5.43273023272e-06
1038,345.525,4.9088289835e-07
1039,345.724,4.15565084975e-06
1040,345.924,3.45218801666e-06
1041,346.124,5.611897022680001e-06
1042,346.328,6.59815729966e-06
1043,346.525,8.58997094113e-06
1044,346.725,4.73648195187e-06
1045,346.924,3.3774469854099997e-06
1046,347.125,6.37590114107e-06
1047,347.326,3.53448427277e-06
1048,347.525,5.4393002014199995e-06
1049,347.725,7.526887699089999e-06
1050,347.929,6.21722200781e-06
1051,348.13,4.4235989002900005e-06
1052,348.329,6.76916479679e-06
1053,348.529,7.04165811628e-06
1054,348.729,5.2506233997599995e-06
1055,348.925,4.338411049630001e-06
1056,349.125,3.3955839667e-06
1057,349.328,6.51501136142e-06
1058,349.526,3.3127326251900002e-06
1059,349.725,4.51329742121e-07
1060,349.926,4.3727527542299996e-07
1061,350.125,4.13409683724e-07
1062,350.327,4.28729375389e-07
1063,350.524,4.03332367041e-07
1064,350.728,4.16488242076e-07
1065,350.929,4.3186601707299997e-07
1066,351.125,2.27471765405e-06
1067,351.332,3.3792260352900002e-06
1068,351.53,5.78340651655e-06
1069,351.729,6.3495790143e-06
1070,351.925,2.3094083147e-06
1071,352.125,5.13882863749e-06
1072,352.326,6.8388130882199996e-06
1073,352.525,4.94339752267e-06
1074,352.724,4.95318127563e-07
1075,352.926,6.081846970169999e-06
1076,353.124,4.89078277488e-07
1077,353.325,4.42953246656e-06
1078,353.525,3.00726741631e-06
1079,353.729,6.90188432827e-06
1080,353.929,7.3556379867899995e-06
1081,354.13,6.1269869997e-06
1082,354.329,7.29090460783e-06
1083,354.524,2.51792645463e-06
1084,354.727,7.187218172360001e-06
1085,354.925,4.16357221226e-06
1086,355.125,6.49456995962e-06
1087,355.325,5.2166707163e-06
1088,355.525,5.56053368315e-06
1089,355.724,4.82498249961e-06
1090,355.925,8.56781370792e-06
1091,356.124,6.70078162431e-06
1092,356.329,7.849310513810001e-06
1093,356.529,3.7702357395300004e-06
1094,356.725,4.97500594117e-06
1095,356.928,3.97033314119e-06
1096,357.13,6.1794916768e-06
1097,357.328,2.5827904856599998e-06
1098,357.529,6.2107263793e-06
1099,357.724,7.49506486805e-06
1100,357.925,1.82459399232e-06
1101,358.124,8.52829749102e-06
1102,358.329,5.62222129953e-06
1103,358.525,6.9156339996899995e-06
1104,358.725,5.83486640125e-06
1105,358.924,8.52850829093e-06
1106,359.125,2.50193728139e-06
1107,359.324,7.24941724135e-06
1108,359.525,7.86713660747e-06
1109,359.724,3.62731086008e-06
1110,359.929,6.80157420004e-06
1111,360.124,6.61815128239e-06
1112,360.325,3.36696659176e-06
1113,360.527,7.0260995751e-06
1114,360.729,8.22585176668e-06
1115,360.926,4.28002525806e-06
1116,361.125,7.929869121830001e-06
1117,361.324,6.8027293498099996e-06
1118,361.525,5.2856350412e-06
1119,361.727,7.6406750387e-06
1120,361.925,6.91302375584e-06
1121,362.124,3.7378566542699997e-06
1122,362.329,7.04641733638e-06
1123,362.525,7.3439760574100006e-06
1124,362.725,2.3812690855e-06
1125,362.928,7.526051511960001e-06
1126,363.125,5.35113923361e-07
1127,363.324,2.4956697002099997e-06
1128,363.525,6.11388471046e-06
1129,363.726,5.1925023832199996e-06
1130,363.925,3.51394830814e-06
1131,364.126,8.49006619115e-06
1132,364.324,7.462677070410001e-06
1133,364.525,5.9412872161199996e-06
1134,364.725,2.44277012731e-06
1135,364.928,8.42909767488e-06
1136,365.125,6.0185720496e-06
1137,365.325,6.81884067484e-06
1138,365.524,4.6815797078199994e-06
1139,365.725,2.3982591691e-06
1140,365.929,2.8975013914599997e-06
1141,366.125,6.3779147911e-06
1142,366.324,7.13254493228e-06
1143,366.528,6.67463874173e-06
1144,366.724,5.6812083246e-06
1145,366.925,5.37068363348e-06
1146,367.127,6.22473048252e-06
1147,367.325,6.65378059111e-06
1148,367.525,6.12010656811e-06
1149,367.725,5.95097151446e-06
1150,367.925,4.98102479131e-06
1151,368.125,6.5634152493e-06
1152,368.325,2.53924820846e-06
1153,368.528,8.3341053222e-06
1154,368.729,5.5867032353699994e-06
1155,368.928,3.30962729149e-06
1156,369.125,3.27931558342e-06
1157,369.325,6.04428809153e-06
1158,369.525,4.30480314768e-06
1159,369.724,6.8189504658199995e-06
1160,369.925,8.43840103037e-06
1161,370.125,6.21647726628e-06
1162,370.325,6.39165397845e-06
1163,370.525,5.084565421399999e-07
1164,370.725,2.27849625858e-06
1165,370.924,2.40946039834e-06
1166,371.132,2.29164257116e-06
1167,371.324,4.89238491441e-06
1168,371.525,2.3194054131200002e-06
1169,371.724,7.29680686655e-06
1170,371.925,6.34328207246e-06
1171,372.125,5.42399209121e-06
1172,372.325,8.27940289955e-06
1173,372.525,6.33360942648e-06
1174,372.725,5.14891750461e-07
1175,372.925,4.6416994827200004e-07
1176,373.125,4.6131635663900003e-07
1177,373.324,4.6018851292700005e-07
1178,373.525,6.71163938265e-06
1179,373.725,4.27297932461e-06
1180,373.925,5.81722727253e-06
1181,374.125,6.552027090830001e-06
1182,374.325,3.35658702928e-06
1183,374.525,2.12693686684e-06
1184,374.724,7.63299461542e-06
1185,374.925,2.30139090267e-06
1186,375.125,4.18166248357e-07
1187,375.324,2.13206764384e-06
1188,375.524,7.14187782683e-06
1189,375.725,6.11158769127e-06
1190,375.925,2.29928881675e-06
1191,376.125,5.640506711930001e-06
1192,376.325,6.47087929096e-06
1193,376.525,7.238185837610001e-06
1194,376.725,6.53656704279e-06
1195,376.925,6.67011971615e-06
1196,377.125,6.34491761406e-06
1197,377.325,7.65682100171e-06
1198,377.525,7.11817040544e-06
1199,377.724,6.54201026648e-06
1200,377.928,5.4731179475099995e-06
1201,378.13,7.3773855911899995e-06
1202,378.329,6.9837146785800006e-06
1203,378.526,5.738940926769999e-06
1204,378.725,5.46516045986e-06
1205,378.925,6.79531947439e-06
1206,379.125,7.03223784978e-06
1207,379.329,6.848473834819999e-06
1208,379.529,7.4569078728399995e-06
1209,379.725,2.16520471659e-06
1210,379.924,3.31149321887e-06
1211,380.125,4.59916303522e-06
1212,380.325,2.09557115902e-06
1213,380.525,7.501155649289999e-06
1214,380.724,2.06594370057e-06
1215,380.926,7.9549550659e-06
1216,381.124,4.4360210832e-06
1217,381.328,4.877536588100001e-07
1218,381.525,4.40094867018e-07
1219,381.726,5.0210548681199994e-06
1220,381.925,5.28627721601e-06
1221,382.125,2.39885760445e-06
1222,382.325,2.68912474187e-06
1223,382.524,4.4734587666400005e-06
1224,382.726,6.70648919733e-06
1225,382.924,7.1175307101e-06
1226,383.125,1.7809898776e-06
1227,383.325,5.28673494125e-06
1228,383.525,7.987097532610001e-06
1229,383.725,2.4671349166599997e-06
1230,383.924,4.33772567105e-07
1231,384.125,3.8591179411e-07
1232,384.325,2.21369764164e-06
1233,384.525,5.37765370372e-06
1234,384.724,2.84692387705e-06
1235,384.925,5.780051778680001e-06
1236,385.125,3.2800059250900004e-06
1237,385.325,7.87348596633e-06
1238,385.524,5.12485924154e-06
1239,385.725,2.8613756834200003e-06
1240,385.925,7.332334033119999e-06
1241,386.125,7.351757063880001e-06
1242,386.324,5.63240592867e-06
1243,386.528,3.1182903084599997e-06
1244,386.725,3.7264576577800003e-06
1245,386.925,5.25283127437e-06
1246,387.124,5.023929254649999e-07
1247,387.325,4.57344767084e-07
1248,387.525,4.51701758734e-07
1249,387.725,1.93213202528e-06
1250,387.926,3.68583459986e-06
1251,388.124,2.17779179992e-06
1252,388.325,6.9266508489199994e-06
1253,388.524,2.61831648376e-06
1254,388.725,4.26653958761e-07
1255,388.925,3.7971568368200004e-07
1256,389.124,8.0624947638e-06
1257,389.325,4.96828824996e-06
1258,389.526,4.7363827538599994e-07
1259,389.726,5.1592364639599995e-06
1260,389.927,4.84150140006e-06
1261,390.125,7.27366742282e-06
1262,390.325,2.6599405587400003e-06
1263,390.524,5.97203483259e-06
1264,390.724,5.03833675455e-07
1265,390.925,1.95212746051e-06
1266,391.125,6.66043074338e-06
1267,391.325,2.08951898167e-06
1268,391.529,3.39293097451e-06
1269,391.724,6.84183459111e-06
1270,391.924,1.6502153587399999e-06
1271,392.125,7.98862137029e-06
1272,392.325,5.4320656040300004e-06
1273,392.524,6.76532750782e-06
1274,392.724,1.63025820884e-06
1275,392.924,2.97207468953e-06
1276,393.125,2.9531731687e-06
1277,393.329,6.68494456605e-06
1278,393.528,3.00104173292e-06
1279,393.725,4.53278508788e-07
1280,393.924,2.1271881126e-06
1281,394.124,4.8707491913e-06
1282,394.325,1.94644928392e-06
1283,394.525,4.08414530821e-06
1284,394.724,6.19606674681e-06
1285,394.924,7.35641506457e-06
1286,395.125,6.913797432730001e-06
1287,395.325,8.08394199917e-06
1288,395.525,5.30763548476e-06
1289,395.725,6.03513132468e-06
1290,395.926,1.39116935886e-06
1291,396.124,2.42196180863e-06
1292,396.325,5.8711290662e-06
1293,396.525,6.18538706368e-06
1294,396.724,3.987257243580001e-06
1295,396.925,6.27371484933e-06
1296,397.125,6.9398875094e-06
1297,397.325,6.11971595782e-06
1298,397.528,2.32409309165e-06
1299,397.725,2.1499394608099998e-06
1300,397.925,4.1797188170100004e-07
1301,398.126,3.58059525355e-07
1302,398.324,3.68112475429e-07
1303,398.525,3.70316808692e-07
1304,398.724,3.4458107531999996e-07
1305,398.926,8.18355335727e-06
1306,399.125,6.674178394999999e-06
1307,399.325,6.78575966599e-06
1308,399.525,2.9843750041e-06
1309,399.725,7.13671134975e-06
1310,399.925,6.5085436413099995e-06
1311,400.124,4.23716110372e-06
1312,400.325,4.2258148081e-06
1313,400.524,2.8700252833e-06
1314,400.725,2.11383610064e-06
1315,400.924,7.1935409682e-06
1316,401.125,2.62788932477e-06
1317,401.324,4.71680979972e-06
1318,401.527,4.813472087319999e-07
1319,401.726,4.29660975362e-07
1320,401.925,4.27719716996e-07
1321,402.125,1.5596047920899999e-06
1322,402.325,6.136635739019999e-06
1323,402.525,3.1890403416799997e-06
1324,402.725,4.62572889951e-06
1325,402.924,5.11313887412e-06
1326,403.125,6.06719955777e-06
1327,403.324,6.0145073495300004e-06
1328,403.528,4.1215533831300005e-06
1329,403.724,5.25684667485e-06
1330,403.925,2.64940735858e-06
1331,404.125,8.03466431226e-06
1332,404.326,4.506765875130001e-06
1333,404.526,4.7032440881099995e-07
1334,404.725,1.95620657496e-06
1335,404.925,2.44123428396e-06
1336,405.125,4.61651638704e-06
1337,405.325,7.204975982860001e-06
1338,405.525,5.17272033764e-07
1339,405.729,3.35227628946e-06
1340,405.925,4.03873901632e-06
1341,406.125,2.000077165e-06
1342,406.325,5.6171255495e-06
1343,406.525,5.63612489094e-06
1344,406.726,2.93024565827e-06
1345,406.925,2.2283553256599998e-06
1346,407.126,3.09310962499e-06
1347,407.325,4.4735882540500005e-07
1348,407.525,4.1619088374e-07
1349,407.725,2.22441430011e-06
1350,407.925,5.19665636785e-06
1351,408.124,1.91339094177e-06
1352,408.326,4.71714342488e-06
1353,408.525,4.10627300396e-06
1354,408.725,2.2172254255e-06
1355,408.925,6.732759120019999e-06
1356,409.125,6.41413477848e-06
1357,409.325,5.13078048325e-06
1358,409.525,5.00187317154e-07
1359,409.725,2.03916416645e-06
1360,409.925,8.02231012862e-06
1361,410.124,2.49867352911e-06
1362,410.325,4.42523281696e-07
1363,410.524,2.00490289785e-06
1364,410.725,1.88830220048e-06
1365,410.925,3.96078537953e-07
1366,411.125,3.64625527485e-07
1367,411.325,3.33575771217e-07
1368,411.526,3.2421836908899996e-07
1369,411.725,3.6881850663099997e-07
1370,411.924,3.44606504503e-07
1371,412.125,2.3889599914400003e-06
1372,412.325,8.486544676460001e-06
1373,412.525,2.42683854177e-06
1374,412.725,5.1600913165e-06
1375,412.925,3.31349025857e-06
1376,413.125,4.5830470046599996e-07
1377,413.325,4.2137545874299996e-07
1378,413.525,1.29268286909e-06
1379,413.725,3.05377021276e-07
1380,413.926,2.8672210658600003e-07
1381,414.125,2.95887904527e-07
1382,414.328,2.96225531612e-07
1383,414.525,2.93096823275e-07
1384,414.725,2.9127300664499996e-07
1385,414.925,3.1595994621300003e-07
1386,415.125,2.74213116979e-07
1387,415.326,3.03659560793e-07
1388,415.525,2.9066221080100005e-07
1389,415.725,2.8452358161199997e-07
1390,415.925,3.02245939995e-07
1391,416.125,3.08903139982e-07
1392,416.325,3.01279667059e-07
1393,416.526,2.9992866286500003e-07
1394,416.733,3.1251160246599997e-07
1395,416.924,3.0723660874000003e-07
1396,417.125,3.0231903994499996e-07
1397,417.325,2.91545573293e-07
1398,417.525,3.0328485248000004e-07
1399,417.726,3.17915831623e-07
1400,417.925,2.88940677439e-07
1401,418.125,3.01485792033e-07
1402,418.325,3.0792762328800003e-07
1403,418.525,3.0914974620300004e-07
1404,418.725,2.8168011909200003e-07
1405,418.925,2.96345098278e-07
1406,419.125,2.94847858677e-07
1407,419.325,2.96641004555e-07
1408,419.525,2.93873369115e-07
1409,419.725,2.63397008629e-07
1410,419.925,9.172755170049999e-07
1411,420.126,2.31820925314e-07
1412,420.325,2.5124852538600003e-07
1413,420.525,2.61875225367e-07
1414,420.725,2.67321317058e-07
1415,420.925,2.38777608648e-07
1416,421.125,2.6077461708400004e-07
1417,421.327,2.6619365038200004e-07
1418,421.525,2.57221758714e-07
1419,421.725,2.44728742015e-07
1420,421.926,2.4294813365999996e-07
1421,422.125,2.2010384855900003e-06
1422,422.324,3.23228069162e-06
1423,422.525,2.2976054977400003e-06
1424,422.725,4.38956185411e-06
1425,422.924,5.96594001391e-06
1426,423.125,2.05106586687e-06
1427,423.325,6.5603218159199995e-06
1428,423.525,5.23403933807e-07
1429,423.725,4.6942071700299996e-07
1430,423.925,4.6817348369399995e-07
1431,424.125,4.68202383664e-07
1432,424.325,1.64444045845e-06
1433,424.525,5.71011753284e-06
1434,424.725,3.5713925828699996e-06
1435,424.925,2.40673589985e-06
1436,425.125,6.43023639975e-06
1437,425.325,5.03416325437e-07
1438,425.525,4.5544005866000003e-07
1439,425.725,4.82166325395e-07
1440,425.925,4.73023158707e-07
1441,426.125,3.05428998336e-06
1442,426.325,2.01981894617e-06
1443,426.525,5.57778726591e-06
1444,426.725,2.17691247531e-06
1445,426.925,7.352518274789999e-06
1446,427.125,5.37944600496e-07
1447,427.325,7.30833470832e-06
1448,427.527,5.44759191646e-06
1449,427.725,1.90750766662e-06
1450,427.925,6.47835404936e-06
1451,428.125,8.03725560754e-06
1452,428.325,2.42483799626e-06
1453,428.525,4.27777056664e-07
1454,428.725,2.15906633546e-06
1455,428.925,7.2568350496600006e-06
1456,429.125,5.14743142062e-07
1457,429.325,1.80098708358e-06
1458,429.525,6.71616336549e-06
1459,429.725,3.3771572417200003e-06
1460,429.924,5.77480508231e-06
1461,430.124,1.97535707528e-06
1462,430.325,4.1209048378e-07
1463,430.525,3.7525190867e-07
1464,430.725,3.8548335871300003e-07
1465,430.925,4.0882520875e-07
1466,431.125,4.11650042091e-07
1467,431.325,1.91277823357e-06
1468,431.525,3.7505219415e-07
1469,431.725,3.53522048285e-07
1470,431.925,3.4863005034699995e-07
1471,432.125,3.27179344065e-07
1472,432.325,2.33094331258e-06
1473,432.525,4.18032940046e-07
1474,432.725,3.76686992015e-07
1475,432.925,2.1506029207200002e-06
1476,433.125,2.50107626676e-06
1477,433.325,4.46704608773e-07
1478,433.53,4.03689508703e-07
1479,433.725,3.94471400369e-07
1480,433.925,3.85211075358e-07
1481,434.124,4.0253917537e-07
1482,434.325,2.31954516686e-06
1483,434.525,5.27177830585e-06
1484,434.725,6.08369678257e-06
1485,434.925,3.78062518336e-06
1486,435.125,4.70800762951e-07
1487,435.325,5.448844001619999e-06
1488,435.525,5.21007769126e-06
1489,435.725,3.7585848600900002e-06
1490,435.925,3.84534219951e-06
1491,436.124,7.337740316310001e-06
1492,436.325,5.41525536546e-06
1493,436.528,4.85895842074e-07
1494,436.725,1.55867900026e-06
1495,436.925,4.48667010373e-06
1496,437.125,3.71041953945e-06
1497,437.325,6.65952343921e-06
1498,437.525,4.7457052664800004e-06
1499,437.725,3.6232911750699996e-06
1500,437.925,3.7096769585099997e-06
1501,438.125,2.45720465021e-06
1502,438.325,4.32663883791e-07
1503,438.526,4.08859917042e-07
1504,438.725,3.73724571674e-06
1505,438.927,2.52100749213e-06
1506,439.125,5.16713696608e-06
1507,439.324,6.24932200995e-06
1508,439.525,2.12460220066e-06
1509,439.725,2.1212913086599998e-06
1510,439.925,4.45115569246e-07
1511,440.125,2.40904223348e-06
1512,440.325,2.16238207969e-06
1513,440.525,4.20407910877e-07
1514,440.725,3.61038739911e-07
1515,440.925,3.8321938370900003e-07
1516,441.125,3.34176260749e-07
1517,441.325,3.7141766495900003e-07
1518,441.534,3.6155808995e-07
1519,441.724,3.76620267039e-07
1520,441.925,3.7561110453e-07
1521,442.124,3.9301630665799997e-07
1522,442.326,3.51223967031e-07
1523,442.524,3.39325596155e-07
1524,442.726,3.4299848157199996e-07
1525,442.927,3.79123906629e-07
1526,443.125,3.4394977325700004e-07
1527,443.325,3.76018183709e-07
1528,443.525,3.95458923345e-07
1529,443.726,3.95308437889e-07
1530,443.925,4.26237748738e-06
1531,444.125,1.58156117735e-06
1532,444.325,3.8007431297199997e-07
1533,444.526,6.0240892219599994e-06
1534,444.725,4.950028483689999e-07
1535,444.925,4.6399552119300003e-07
1536,445.125,4.49081881637e-07
1537,445.325,4.46160856632e-07
1538,445.525,3.97097049969e-06
1539,445.725,4.4686511708599994e-07
1540,445.929,4.3051140036899996e-07
1541,446.128,6.6887121906e-06
1542,446.325,4.96510783731e-07
1543,446.526,4.6560138368000004e-07
1544,446.725,4.6394260869799993e-07
1545,446.925,4.60067175327e-07
1546,447.125,4.6737193372899997e-07
1547,447.326,4.59472317009e-07
1548,447.525,4.73555825319e-07
1549,447.724,4.6933500869399997e-07
1550,447.925,4.7463036705200006e-07
1551,448.125,4.54492167017e-07
1552,448.325,4.81123517018e-07
1553,448.525,4.35963158663e-07
1554,448.733,4.77571367011e-07
1555,448.925,4.5214928365200004e-07
1556,449.127,4.5650270033e-07
1557,449.325,4.70329083686e-07
1558,449.525,4.5563669201899994e-07
1559,449.726,4.7286080867700006e-07
1560,449.925,4.77233350352e-07
1561,450.126,4.6413385868900003e-07
1562,450.325,4.66660767047e-07
1563,450.525,4.70776608699e-07
1564,450.725,2.8823348415900004e-06
1565,450.925,5.44542445156e-06
1566,451.126,4.991482983729999e-07
1567,451.327,1.9670731169599997e-06
1568,451.525,3.924395883069999e-06
1569,451.725,4.6886623378599997e-07
1570,451.925,4.0062030032199997e-07
1571,452.126,4.1504310035e-07
1572,452.326,4.16746642069e-07
1573,452.525,4.2349833368099997e-07
1574,452.725,4.05858283684e-07
1575,452.925,4.3111461705500004e-07
1576,453.125,6.36621712657e-06
1577,453.325,5.20005385892e-07
1578,453.525,4.50674427408e-07
1579,453.725,6.3779929909e-06
1580,453.926,2.5003623023900003e-06
1581,454.128,6.881048491439999e-06
1582,454.325,5.56800858354e-06
1583,454.525,2.28768617484e-06
1584,454.725,2.4598652209900002e-06
1585,454.925,6.61068389122e-06
1586,455.125,4.8061124992e-06
1587,455.325,9.344545840700001e-07
1588,455.525,4.86287267132e-07
1589,455.725,3.8232473706699994e-06
1590,455.926,4.57793992092e-07
1591,456.124,4.2979747124799995e-07
1592,456.327,4.04454012814e-07
1593,456.525,4.14190656592e-07
1594,456.724,4.11255712818e-07
1595,456.93,4.3054812741000003e-07
1596,457.125,4.24468714959e-07
1597,457.325,4.23940510789e-07
1598,457.525,4.13472973248e-07
1599,457.727,4.33139317046e-07
1600,457.925,4.4834823916e-06
1601,458.125,2.39472908336e-06
1602,458.325,3.04145753318e-06
1603,458.526,2.19486769843e-06
1604,458.725,6.156348265580001e-06
1605,458.925,7.177280574239999e-06
1606,459.13,4.5736967870300005e-06
1607,459.325,5.56853416575e-06
1608,459.528,4.80463917079e-07
1609,459.725,4.4554095866499994e-07
1610,459.925,4.4222581702299994e-07
1611,460.126,4.3086344199799997e-07
1612,460.325,2.09666857945e-06
1613,460.525,4.14176490017e-07
1614,460.725,3.46671048253e-07
1615,460.925,3.70672533687e-07
1616,461.125,3.8316462953e-07
1617,461.325,3.78050462874e-07
1618,461.524,4.08408425339e-07
1619,461.725,3.7328720450100003e-07
1620,461.925,3.76555312882e-07
1621,462.125,3.8374022124499997e-07
1622,462.324,3.73226996217e-07
1623,462.525,3.85048158706e-07
1624,462.725,3.89485229563e-07
1625,462.925,4.1516890045e-07
1626,463.125,3.58181287839e-07
1627,463.325,3.63068646201e-07
1628,463.524,2.40770560855e-06
1629,463.725,5.9028110101300005e-06
1630,463.924,6.03886703884e-06
1631,464.125,5.17454542409e-06
1632,464.329,4.90812667109e-07
1633,464.525,4.4614856698800003e-07
1634,464.725,1.34985836695e-06
1635,464.925,3.20183298289e-06
1636,465.125,1.89136892987e-06
1637,465.325,4.1429446298299997e-07
1638,465.525,3.73335841823e-06
1639,465.725,3.42968242499e-06
1640,465.925,3.4205444644299997e-06
1641,466.125,2.98406209763e-06
1642,466.325,4.63827646246e-07
1643,466.525,4.0343744829600003e-07
1644,466.725,8.57448054141e-06
1645,466.924,2.17346820384e-06
1646,467.125,2.7957807936200002e-06
1647,467.325,4.087258433080001e-06
1648,467.526,2.42812944367e-06
1649,467.724,4.20457529567e-07
1650,467.934,2.0116463024e-06
1651,468.124,2.3709168998700003e-06
1652,468.325,3.52776063101e-06
1653,468.524,5.02737660175e-06
1654,468.726,6.6183248241800005e-06
1655,468.928,5.17144547418e-06
1656,469.125,4.36250486627e-06
1657,469.325,4.6952130044399994e-07
1658,469.526,4.78585405991e-06
1659,469.725,7.02703174114e-06
1660,469.925,5.22837692075e-07
1661,470.125,4.88069858739e-07
1662,470.326,4.74746817015e-07
1663,470.525,4.7595254200699997e-07
1664,470.725,4.90402400427e-07
1665,470.925,4.7153367535200003e-07
1666,471.126,4.69727283711e-07
1667,471.326,1.98623519807e-06
1668,471.525,4.15301004602e-07
1669,471.727,3.75882537863e-07
1670,471.926,3.87805700352e-07
1671,472.131,3.77442110773e-07
1672,472.326,2.10347474124e-06
1673,472.525,4.5874627545500004e-07
1674,472.725,3.85264483662e-07
1675,472.926,4.01286275352e-07
1676,473.126,4.3642204142800005e-06
1677,473.325,7.70732442428e-06
1678,473.525,2.50426504167e-06
1679,473.725,4.3831227545200003e-07
1680,473.925,3.87624876642e-06
1681,474.125,3.86410063749e-06
1682,474.324,8.30140876162e-06
1683,474.525,5.46221794228e-07
1684,474.725,4.099467656169999e-06
1685,474.925,4.58235319187e-07
1686,475.126,4.29566306629e-07
1687,475.325,3.81803811028e-06
1688,475.525,4.7076180461099996e-07
1689,475.725,4.1604252324e-07
1690,475.925,4.29060096195e-07
1691,476.125,4.02898017015e-07
1692,476.326,2.38967516065e-06
1693,476.525,3.97989267068e-07
1694,476.725,3.59891700325e-07
1695,476.926,3.82459094134e-07
1696,477.125,3.5664962325900003e-07
1697,477.326,3.47948987863e-07
1698,477.525,3.7592131913200004e-07
1699,477.727,3.62145050339e-07
1700,477.925,3.76111719129e-07
1701,478.125,3.75543883692e-07
1702,478.325,3.6771541911799997e-07
1703,478.525,3.51605935767e-07
1704,478.725,3.66012798251e-07
1705,478.926,4.01448342043e-07
1706,479.125,3.87592031602e-07
1707,479.325,3.7852589621900003e-07
1708,479.525,3.50155233639e-07
1709,479.729,4.08987771213e-07
1710,479.925,3.54327352403e-07
1711,480.124,3.75716610773e-07
1712,480.325,3.8132788579099996e-07
1713,480.525,3.72948869107e-07
1714,480.725,3.52808331613e-07
1715,480.925,3.8726832327800003e-07
1716,481.125,3.83482494099e-07
1717,481.325,3.67435910788e-07
1718,481.525,3.60267329504e-07
1719,481.725,3.75427752456e-07
1720,481.924,3.7841086287300003e-07
1721,482.125,4.08817487911e-07
1722,482.326,3.5029172951900003e-07
1723,482.525,3.83246017043e-07
1724,482.725,3.71431442007e-07
1725,482.925,3.59532221176e-07
1726,483.125,3.61173358673e-07
1727,483.326,3.8397142119e-07
1728,483.525,3.6038997744000003e-07
1729,483.728,4.02198042121e-07
1730,483.924,3.75638906652e-07
1731,484.125,3.5687845034200003e-07
1732,484.325,3.98259106629e-07
1733,484.525,3.52810491996e-07
1734,484.724,4.01736385801e-07
1735,484.926,3.72101985748e-07
1736,485.125,3.66290075371e-07
1737,485.326,3.4854526285500003e-07
1738,485.526,3.73430960783e-07
1739,485.725,3.9470936495500004e-07
1740,485.925,3.78754404512e-07
1741,486.125,3.72862310762e-07
1742,486.325,3.96122029563e-07
1743,486.53,3.89629764995e-07
1744,486.725,3.61992652475e-07
1745,486.925,3.73244562884e-07
1746,487.125,4.0594523168200003e-07
1747,487.325,3.86634435783e-07
1748,487.525,3.9595185248e-07
1749,487.725,3.76201889947e-07
1750,487.925,3.9762065040500003e-07
1751,488.125,3.75685833697e-07
1752,488.326,4.07283521261e-07
1753,488.525,4.16935342081e-07
1754,488.728,3.9973254625700003e-07
1755,488.925,3.95186746229e-07
1756,489.125,3.6976834618099997e-07
1757,489.325,3.94787458721e-07
1758,489.525,3.63728458663e-07
1759,489.725,3.71476739995e-07
1760,489.926,3.7984265249e-07
1761,490.125,3.67322719105e-07
1762,490.326,3.57079758709e-07
1763,490.525,3.6015658162399996e-07
1764,490.725,3.6734003786500003e-07
1765,490.925,3.88182002474e-07
1766,491.125,3.5944158994499997e-07
1767,491.325,3.59316923288e-07
1768,491.525,3.82948942054e-07
1769,491.725,3.9799698790999997e-07
1770,491.925,3.5650558367399997e-07
