,Elapsed_Time,Data
0,0.0,26.9484375
1,0.183,25.2703125
2,0.377,24.1921875
3,0.577,29.975
4,0.777,32.5015625
5,0.983,25.1765625
6,1.184,32.490625
7,1.377,24.33125
8,1.578,24.6578125
9,1.778,26.7953125
10,1.983,35.53125
11,2.177,24.0875
12,2.378,33.003125
13,2.578,36.8890625
14,2.778,28.8765625
15,2.982,27.3296875
16,3.177,24.078125
17,3.378,33.1109375
18,3.577,28.159375
19,3.777,24.215625
20,3.981,34.0203125
21,4.177,28.31875
22,4.378,39.3984375
23,4.58,36.4953125
24,4.778,37.865625
25,4.98,40.3234375
26,5.178,38.646875
27,5.378,37.93125
28,5.577,41.2421875
29,5.777,38.153125
30,5.982,39.90625
31,6.177,37.4203125
32,6.377,38.3515625
33,6.577,40.6328125
34,6.777,41.11875
35,6.979,38.2953125
36,7.177,42.3
37,7.377,43.1609375
38,7.577,43.24375
39,7.778,46.165625
40,7.982,44.85
41,8.177,44.9140625
42,8.377,47.7921875
43,8.577,45.0390625
44,8.777,45.9046875
45,8.978,45.4640625
46,9.177,41.7296875
47,9.378,44.64375
48,9.578,43.7078125
49,9.777,45.30625
50,9.982,44.5375
51,10.178,45.4625
52,10.377,44.4234375
53,10.578,41.453125
54,10.778,43.2140625
55,10.978,46.1828125
56,11.177,47.403125
57,11.377,42.9640625
58,11.578,46.778125
59,11.778,48.85625
60,11.982,47.59375
61,12.177,48.871875
62,12.377,48.6890625
63,12.577,44.3390625
64,12.778,51.3375
65,12.978,47.0890625
66,13.179,46.1265625
67,13.377,47.725
68,13.578,43.984375
69,13.777,47.10625
70,13.978,47.5203125
71,14.178,44.671875
72,14.377,45.8046875
73,14.578,49.071875
74,14.778,44.171875
75,14.984,45.2984375
76,15.177,49.5203125
77,15.377,48.5578125
78,15.577,49.58125
79,15.782,47.1890625
80,15.981,49.2359375
81,16.177,47.86875
82,16.377,49.2671875
83,16.578,48.696875
84,16.777,48.0703125
85,16.981,48.84375
86,17.177,50.659375
87,17.378,52.615625
88,17.578,48.1328125
89,17.781,46.8328125
90,17.987,46.4671875
91,18.178,50.515625
92,18.379,49.0984375
93,18.577,52.1453125
94,18.777,46.696875
95,18.982,49.321875
96,19.177,47.4078125
97,19.377,51.80625
98,19.577,50.2984375
99,19.777,45.584375
100,19.992,50.7515625
101,20.178,50.5109375
102,20.378,46.7484375
103,20.577,51.275
104,20.788,54.0375
105,20.98,49.115625
106,21.177,49.1203125
107,21.378,50.803125
108,21.577,51.3375
109,21.778,49.515625
110,21.983,51.903125
111,22.177,49.4078125
112,22.377,49.625
113,22.578,54.728125
114,22.777,51.1046875
115,22.983,56.840625
116,23.177,49.4953125
117,23.377,47.9296875
118,23.579,53.359375
119,23.778,55.2875
120,23.982,52.9046875
121,24.177,47.11875
122,24.377,51.909375
123,24.577,54.9046875
124,24.777,53.675
125,24.977,52.0421875
126,25.178,53.8453125
127,25.377,51.70625
128,25.577,53.5734375
129,25.778,49.18125
130,25.977,53.6921875
131,26.179,54.0328125
132,26.377,54.628125
133,26.577,54.5265625
134,26.777,48.2
135,26.985,56.1328125
136,27.177,50.78125
137,27.377,56.703125
138,27.583,51.221875
139,27.777,55.778125
140,27.982,54.68125
141,28.176,56.4734375
142,28.377,56.55625
143,28.578,49.4265625
144,28.779,54.2625
145,28.99,60.53125
146,29.182,57.0625
147,29.378,59.775
148,29.58,56.5515625
149,29.778,50.2578125
150,29.978,56.034375
151,30.177,51.8015625
152,30.377,55.0359375
153,30.578,56.0203125
154,30.781,56.6125
155,30.977,52.371875
156,31.177,53.8875
157,31.379,59.8109375
158,31.577,52.7296875
159,31.778,56.165625
160,31.981,57.740625
161,32.178,43.6
162,32.377,56.5171875
163,32.577,42.3375
164,32.777,59.8296875
165,32.977,53.396875
166,33.178,55.940625
167,33.378,55.290625
168,33.577,53.0890625
169,33.777,57.3453125
170,33.981,62.2390625
171,34.177,58.1078125
172,34.377,58.2890625
173,34.577,55.64375
174,34.785,61.0484375
175,34.982,56.9453125
176,35.177,56.7171875
177,35.386,59.325
178,35.582,59.88125
179,35.778,52.0890625
180,35.982,57.2546875
181,36.178,56.5515625
182,36.377,60.0734375
183,36.579,54.10625
184,36.778,57.31875
185,36.985,52.4296875
186,37.177,57.35
187,37.377,56.6609375
188,37.578,59.928125
189,37.778,56.0890625
190,37.978,57.4671875
191,38.178,57.003125
192,38.377,62.15625
193,38.577,61.5
194,38.778,50.725
195,38.978,61.5140625
196,39.178,60.059375
197,39.377,61.209375
198,39.577,61.5078125
199,39.777,54.5703125
200,39.978,60.4703125
201,40.179,54.659375
202,40.377,54.9265625
203,40.578,51.940625
204,40.778,54.51875
205,40.977,56.8890625
206,41.182,59.2921875
207,41.377,59.1765625
208,41.577,60.6859375
209,41.779,56.7765625
210,41.977,61.8671875
211,42.177,58.078125
212,42.378,57.1828125
213,42.577,62.0796875
214,42.778,60.5953125
215,42.978,56.4359375
216,43.18,59.1921875
217,43.377,57.25
218,43.577,62.0453125
219,43.778,61.0265625
220,43.978,56.071875
221,44.178,60.4671875
222,44.379,58.3296875
223,44.577,62.8765625
224,44.777,56.3953125
225,44.977,62.90625
226,45.178,60.8421875
227,45.378,57.853125
228,45.578,60.003125
229,45.78,59.2515625
230,45.982,60.6765625
231,46.178,53.040625
232,46.377,57.7578125
233,46.577,58.765625
234,46.778,61.0484375
235,46.978,62.25
236,47.182,61.53125
237,47.385,59.4671875
238,47.577,60.8546875
239,47.778,53.2453125
240,47.977,57.6046875
241,48.178,59.925
242,48.378,60.0015625
243,48.577,58.9859375
244,48.777,61.925
245,48.988,57.5984375
246,49.177,60.884375
247,49.377,54.840625
248,49.579,59.775
249,49.777,60.7828125
250,49.977,59.3125
251,50.182,50.4296875
252,50.378,62.5765625
253,50.578,62.3859375
254,50.777,59.3046875
255,50.978,57.278125
256,51.177,58.0421875
257,51.377,57.5765625
258,51.577,60.86875
259,51.777,56.9078125
260,51.978,58.55
261,52.179,55.9390625
262,52.377,60.265625
263,52.577,52.45
264,52.778,59.4421875
265,52.977,61.784375
266,53.177,59.909375
267,53.378,59.26875
268,53.579,52.1953125
269,53.777,61.7765625
270,53.978,49.3
271,54.177,60.91875
272,54.378,59.8859375
273,54.579,60.6296875
274,54.778,61.41875
275,54.977,61.3203125
276,55.177,60.0984375
277,55.378,60.4328125
278,55.577,61.6796875
279,55.777,60.31875
280,55.977,59.6359375
281,56.177,60.71875
282,56.377,61.8703125
283,56.577,60.5875
284,56.778,60.1625
285,56.978,58.7921875
286,57.177,59.9015625
287,57.378,61.9109375
288,57.577,57.846875
289,57.781,61.903125
290,57.984,62.0796875
291,58.177,61.4640625
292,58.377,61.6484375
293,58.577,61.5859375
294,58.778,59.9
295,58.978,61.615625
296,59.178,61.8296875
297,59.377,60.3859375
298,59.577,59.6765625
299,59.777,55.4765625
300,59.981,56.678125
301,60.178,59.196875
302,60.378,61.525
303,60.581,60.69375
304,60.777,60.6828125
305,60.982,60.0484375
306,61.177,54.1375
307,61.377,59.975
308,61.578,61.6171875
309,61.778,59.803125
310,61.978,60.6625
311,62.178,58.978125
312,62.377,60.540625
313,62.578,56.4875
314,62.777,59.478125
315,62.977,60.8015625
316,63.178,59.70625
317,63.378,60.9171875
318,63.578,55.0640625
319,63.777,60.590625
320,63.982,60.3359375
321,64.177,59.10625
322,64.378,60.7109375
323,64.578,59.1390625
324,64.778,59.5796875
325,64.977,59.15
326,65.183,61.0203125
327,65.378,60.528125
328,65.577,60.7921875
329,65.777,60.684375
330,65.979,61.15625
331,66.178,61.225
332,66.377,56.5671875
333,66.58,60.196875
334,66.777,59.9640625
335,66.982,59.734375
336,67.177,60.678125
337,67.377,59.7484375
338,67.577,58.5953125
339,67.779,59.915625
340,67.979,60.2984375
341,68.181,60.315625
342,68.381,59.5515625
343,68.577,59.05625
344,68.777,60.25625
345,68.988,58.03125
346,69.178,57.915625
347,69.377,59.4359375
348,69.577,57.2390625
349,69.784,57.884375
350,69.982,58.0265625
351,70.177,58.925
352,70.378,56.990625
353,70.578,57.103125
354,70.778,60.8953125
355,70.983,59.4453125
356,71.177,60.959375
357,71.377,59.359375
358,71.577,57.228125
359,71.778,61.3953125
360,71.982,59.89375
361,72.181,59.75625
362,72.377,58.4625
363,72.578,59.3609375
364,72.777,59.9140625
365,72.981,59.5421875
366,73.177,58.86875
367,73.377,53.8328125
368,73.577,61.303125
369,73.777,57.6171875
370,73.977,59.68125
371,74.178,58.86875
372,74.378,61.5515625
373,74.578,56.484375
374,74.778,59.7703125
375,74.978,59.7109375
376,75.177,62.5890625
377,75.378,54.5234375
378,75.579,59.43125
379,75.778,58.7640625
380,75.981,59.98125
381,76.177,58.084375
382,76.378,56.878125
383,76.577,59.6015625
384,76.777,58.3078125
385,76.978,60.3390625
386,77.178,60.0171875
387,77.377,59.10625
388,77.579,58.865625
389,77.783,58.778125
390,77.977,60.2015625
391,78.178,59.1671875
392,78.381,56.8296875
393,78.579,59.5703125
394,78.777,57.2984375
395,78.99,53.640625
396,79.178,58.6953125
397,79.376,58.76875
398,79.577,59.4296875
399,79.778,59.7296875
400,79.978,56.0828125
401,80.177,57.1515625
402,80.377,60.209375
403,80.578,58.065625
404,80.779,60.1375
405,80.98,58.4421875
406,81.182,58.0875
407,81.378,57.38125
408,81.578,57.1234375
409,81.777,53.240625
410,81.978,57.1828125
411,82.178,60.378125
412,82.377,59.8078125
413,82.577,59.871875
414,82.78,59.790625
415,82.99,57.8859375
416,83.178,60.2171875
417,83.379,59.9609375
418,83.578,59.559375
419,83.777,56.28125
420,83.983,57.1265625
421,84.178,61.325
422,84.378,59.4125
423,84.577,57.5640625
424,84.782,58.240625
425,84.987,59.559375
426,85.177,60.471875
427,85.377,57.86875
428,85.577,58.165625
429,85.778,59.01875
430,85.984,59.2703125
431,86.178,58.4296875
432,86.377,57.928125
433,86.577,58.690625
434,86.777,59.5828125
435,86.978,60.3578125
436,87.179,58.7109375
437,87.377,57.90625
438,87.578,58.3484375
439,87.778,58.246875
440,87.978,58.9703125
441,88.178,58.478125
442,88.377,57.6125
443,88.579,60.5421875
444,88.778,58.0890625
445,88.977,59.1625
446,89.178,59.1796875
447,89.378,57.15
448,89.577,57.5765625
449,89.778,57.696875
450,89.98,58.2234375
451,90.177,59.1984375
452,90.378,58.8828125
453,90.577,58.40625
454,90.781,58.9625
455,90.978,58.6046875
456,91.178,52.6546875
457,91.377,41.746875
458,91.578,59.2625
459,91.78,57.3671875
460,91.987,55.76875
461,92.178,58.271875
462,92.377,58.471875
463,92.578,57.109375
464,92.778,59.240625
465,92.99,56.978125
466,93.181,56.653125
467,93.378,56.8359375
468,93.577,58.6984375
469,93.784,58.0859375
470,93.981,57.59375
471,94.177,58.878125
472,94.377,57.746875
473,94.578,58.2765625
474,94.778,57.9125
475,94.984,59.5203125
476,95.178,54.95625
477,95.377,56.7421875
478,95.578,57.184375
479,95.778,57.053125
480,95.978,56.9765625
481,96.178,59.3171875
482,96.378,58.7703125
483,96.577,56.0375
484,96.781,57.3015625
485,96.984,59.2109375
486,97.177,56.7828125
487,97.378,58.16875
488,97.578,58.23125
489,97.778,57.4921875
490,97.978,58.4796875
491,98.178,55.859375
492,98.377,57.484375
493,98.578,57.6015625
494,98.779,58.909375
495,98.98,57.159375
496,99.178,56.0421875
497,99.377,58.453125
498,99.582,56.271875
499,99.778,56.8875
500,99.983,53.775
501,100.178,59.771875
502,100.378,58.7640625
503,100.578,58.4171875
504,100.783,56.803125
505,100.985,57.0625
506,101.187,58.19375
507,101.379,58.8890625
508,101.579,56.23125
509,101.778,56.4453125
510,101.978,57.2875
511,102.178,59.2890625
512,102.384,59.396875
513,102.577,58.8015625
514,102.778,57.6203125
515,102.977,58.1046875
516,103.18,58.0046875
517,103.378,57.078125
518,103.581,57.48125
519,103.777,56.35625
520,103.982,58.203125
521,104.184,58.29375
522,104.378,58.6359375
523,104.577,58.340625
524,104.777,58.875
525,104.982,55.5265625
526,105.178,57.45625
527,105.377,57.453125
528,105.577,59.6234375
529,105.777,56.79375
530,105.985,58.1375
531,106.178,57.8703125
532,106.377,56.6703125
533,106.581,54.1375
534,106.779,57.8125
535,106.977,56.865625
536,107.177,58.2671875
537,107.379,58.8515625
538,107.577,57.25625
539,107.777,57.8375
540,107.98,58.68125
541,108.18,57.7390625
542,108.381,59.471875
543,108.578,59.021875
544,108.784,57.7890625
545,108.981,58.734375
546,109.177,54.275
547,109.378,55.790625
548,109.577,55.534375
549,109.778,58.8609375
550,109.979,55.603125
551,110.178,57.9015625
552,110.378,58.6625
553,110.577,57.234375
554,110.781,55.5578125
555,110.979,58.5546875
556,111.178,53.359375
557,111.383,57.2859375
558,111.578,57.540625
559,111.777,58.8828125
560,111.988,57.5796875
561,112.177,57.0265625
562,112.378,57.85
563,112.578,58.234375
564,112.778,55.0890625
565,112.98,55.7546875
566,113.18,56.428125
567,113.378,56.39375
568,113.578,57.103125
569,113.782,55.234375
570,113.978,55.1625
571,114.177,56.9125
572,114.378,58.1171875
573,114.582,57.6703125
574,114.778,55.5453125
575,114.979,57.0984375
576,115.178,56.5671875
577,115.378,57.3109375
578,115.578,56.6046875
579,115.777,55.2703125
580,115.978,55.1890625
581,116.178,57.178125
582,116.38,58.996875
583,116.584,54.7859375
584,116.778,54.384375
585,116.984,57.259375
586,117.179,58.2484375
587,117.377,55.8140625
588,117.578,55.46875
589,117.782,56.3734375
590,117.978,56.2234375
591,118.178,57.571875
592,118.381,56.3078125
593,118.577,58.7359375
594,118.781,57.215625
595,118.98,56.8875
596,119.184,56.9234375
597,119.378,57.05625
598,119.577,56.709375
599,119.779,54.896875
600,119.977,57.296875
601,120.177,56.8859375
602,120.378,54.4203125
603,120.578,54.265625
604,120.78,57.240625
605,120.978,54.55625
606,121.178,57.4890625
607,121.377,57.1421875
608,121.578,56.28125
609,121.779,58.921875
610,121.979,56.890625
611,122.177,56.715625
612,122.379,57.303125
613,122.577,56.834375
614,122.778,9.9671875
615,122.978,58.8140625
616,123.178,56.3515625
617,123.377,57.5890625
618,123.577,57.221875
619,123.777,57.515625
620,123.98,58.5671875
621,124.178,55.8109375
622,124.377,58.5265625
623,124.577,56.365625
624,124.778,57.4734375
625,124.983,56.109375
626,125.177,55.84375
627,125.379,54.69375
628,125.578,50.1140625
629,125.777,57.0046875
630,125.978,9.825
631,126.177,9.8765625
632,126.378,58.28125
633,126.579,57.78125
634,126.777,54.2171875
635,126.99,57.61875
636,127.178,56.425
637,127.378,43.303125
638,127.579,56.4234375
639,127.777,56.3875
640,127.978,56.853125
641,128.177,56.9453125
642,128.378,46.703125
643,128.579,55.5296875
644,128.778,55.9453125
645,128.978,55.965625
646,129.184,56.665625
647,129.378,54.5203125
648,129.582,55.221875
649,129.778,54.9109375
650,129.978,56.2015625
651,130.178,56.459375
652,130.377,57.315625
653,130.578,52.6609375
654,130.777,56.4640625
655,130.977,54.4265625
656,131.177,10.034375
657,131.378,56.0171875
658,131.584,55.7734375
659,131.785,56.8125
660,131.978,54.5125
661,132.179,51.015625
662,132.381,54.38125
663,132.578,56.1359375
664,132.784,56.3546875
665,132.982,53.0703125
666,133.178,48.7546875
667,133.378,56.5234375
668,133.578,56.7671875
669,133.778,57.746875
670,133.982,56.49375
671,134.178,41.8546875
672,134.38,57.8375
673,134.577,54.5
674,134.778,57.975
675,134.988,57.725
676,135.181,56.0171875
677,135.38,55.6875
678,135.579,55.109375
679,135.777,55.0734375
680,135.995,57.471875
681,136.177,55.7640625
682,136.377,52.0953125
683,136.578,9.853125
684,136.779,55.2734375
685,136.978,56.9078125
686,137.181,48.19375
687,137.377,54.3796875
688,137.578,55.45
689,137.778,57.1390625
690,137.979,54.796875
691,138.178,57.921875
692,138.378,56.3390625
693,138.577,55.55625
694,138.778,56.1640625
695,138.978,38.8171875
696,139.178,55.778125
697,139.378,9.9625
698,139.583,55.946875
699,139.777,56.1875
700,139.978,52.7640625
701,140.178,52.871875
702,140.378,55.8046875
703,140.579,36.7046875
704,140.778,51.0390625
705,140.98,55.228125
706,141.178,56.4578125
707,141.377,57.0390625
708,141.578,9.9296875
709,141.778,9.9078125
710,141.981,9.8625
711,142.177,9.8890625
712,142.378,57.5875
713,142.579,9.9078125
714,142.778,56.490625
715,142.978,56.6078125
716,143.183,54.2734375
717,143.378,56.190625
718,143.58,55.8296875
719,143.782,56.1359375
720,143.988,55.325
721,144.178,54.89375
722,144.378,54.903125
723,144.577,28.3546875
724,144.778,45.640625
725,144.982,54.540625
726,145.178,56.9015625
727,145.378,55.5859375
728,145.578,57.2828125
729,145.779,40.021875
730,145.978,54.6203125
731,146.178,55.8203125
732,146.378,54.6859375
733,146.577,54.5015625
734,146.778,56.940625
735,146.978,52.8125
736,147.178,54.903125
737,147.378,53.4625
738,147.578,53.9890625
739,147.778,54.95
740,147.978,55.0265625
741,148.178,46.3859375
742,148.379,55.29375
743,148.578,56.1515625
744,148.782,55.7140625
745,148.986,58.7203125
746,149.18,9.9046875
747,149.378,10.0890625
748,149.579,9.890625
749,149.777,55.884375
750,149.98,54.5109375
751,150.178,46.9015625
752,150.382,44.315625
753,150.584,56.3578125
754,150.779,56.503125
755,150.979,56.6125
756,151.178,56.5703125
757,151.378,57.040625
758,151.581,56.5640625
759,151.777,9.8484375
760,151.978,9.7890625
761,152.184,52.803125
762,152.378,55.5765625
763,152.577,55.2953125
764,152.778,56.70625
765,152.978,54.971875
766,153.178,55.85
767,153.378,55.1328125
768,153.579,53.6796875
769,153.778,49.2640625
770,153.978,9.88125
771,154.179,50.0359375
772,154.378,53.2390625
773,154.577,9.9328125
774,154.778,55.1484375
775,154.979,56.403125
776,155.177,57.60625
777,155.378,55.0359375
778,155.578,55.0359375
779,155.778,52.4734375
780,155.978,53.6578125
781,156.183,54.3046875
782,156.378,55.8953125
783,156.579,52.9078125
784,156.778,55.2875
785,156.978,53.4265625
786,157.182,54.1265625
787,157.378,55.9734375
788,157.578,57.39375
789,157.778,55.9546875
790,157.978,55.74375
791,158.177,55.9578125
792,158.378,55.5734375
793,158.579,9.7875
794,158.779,45.215625
795,158.981,53.6421875
796,159.178,54.940625
797,159.378,55.328125
798,159.583,9.790625
799,159.778,56.7875
800,159.978,9.7765625
801,160.177,55.084375
802,160.377,51.66875
803,160.584,56.5421875
804,160.778,56.2953125
805,160.978,52.471875
806,161.178,54.7234375
807,161.379,50.1703125
808,161.578,55.53125
809,161.777,50.734375
810,161.978,56.53125
811,162.178,9.8984375
812,162.377,9.85
813,162.577,9.975
814,162.783,10.0140625
815,162.978,9.8984375
816,163.181,9.8640625
817,163.378,9.8703125
818,163.578,9.971875
819,163.781,9.984375
820,163.979,37.2859375
821,164.177,56.1890625
822,164.381,55.728125
823,164.579,9.965625
824,164.777,40.9671875
825,164.981,55.14375
826,165.181,9.8609375
827,165.378,9.9109375
828,165.578,9.8875
829,165.777,9.8765625
830,165.983,10.0625
831,166.183,9.9359375
832,166.383,9.871875
833,166.58,9.95
834,166.778,9.8421875
835,166.978,53.078125
836,167.18,55.6546875
837,167.378,54.996875
838,167.578,55.7703125
839,167.777,56.0203125
840,167.978,9.953125
841,168.178,55.946875
842,168.378,53.4578125
843,168.578,9.803125
844,168.778,9.95
845,168.978,9.81875
846,169.182,9.8921875
847,169.377,56.4171875
848,169.578,54.1046875
849,169.778,36.1890625
850,169.978,55.8453125
851,170.178,54.85625
852,170.378,56.86875
853,170.578,53.69375
854,170.778,9.934375
855,170.977,9.834375
856,171.178,56.2078125
857,171.378,56.79375
858,171.577,9.9125
859,171.78,36.81875
860,171.978,52.8625
861,172.177,53.59375
862,172.378,40.4859375
863,172.577,54.3765625
864,172.777,53.5859375
865,172.978,48.684375
866,173.178,10.0890625
867,173.377,9.7921875
868,173.58,9.8671875
869,173.778,10.0390625
870,173.978,9.971875
871,174.178,9.884375
872,174.379,9.8546875
873,174.578,56.0328125
874,174.778,50.91875
875,174.978,42.9515625
876,175.178,47.88125
877,175.377,51.821875
878,175.578,54.584375
879,175.778,33.128125
880,175.977,9.896875
881,176.177,57.4296875
882,176.384,55.05625
883,176.578,54.10625
884,176.778,9.8859375
885,176.984,9.8359375
886,177.178,9.85625
887,177.377,9.815625
888,177.578,9.915625
889,177.779,48.2578125
890,177.981,54.996875
891,178.178,9.965625
892,178.378,9.7609375
893,178.578,9.796875
894,178.778,9.8828125
895,178.978,9.7734375
896,179.178,9.9
897,179.377,9.8625
898,179.579,9.8453125
899,179.785,9.975
900,179.982,9.84375
901,180.178,9.78125
902,180.382,10.0265625
903,180.578,9.8703125
904,180.781,9.8859375
905,180.978,9.7875
906,181.178,9.8671875
907,181.377,9.9671875
908,181.578,9.890625
909,181.778,9.890625
910,181.981,9.903125
911,182.179,9.9453125
912,182.378,9.8015625
913,182.578,9.8421875
914,182.778,9.98125
915,182.982,9.8234375
916,183.178,9.8609375
917,183.378,9.9953125
918,183.578,9.9796875
919,183.777,9.7328125
920,183.981,10.046875
921,184.183,9.8125
922,184.377,9.815625
923,184.577,9.8796875
924,184.779,9.953125
925,184.99,9.85625
926,185.178,9.796875
927,185.378,9.8359375
928,185.578,9.925
929,185.777,9.8453125
930,185.982,9.865625
931,186.183,9.8
932,186.378,9.896875
933,186.578,9.9234375
934,186.778,10.125
935,186.978,9.8765625
936,187.178,9.9125
937,187.379,9.815625
938,187.578,9.7890625
939,187.777,53.3828125
940,187.979,55.6515625
941,188.182,53.8859375
942,188.378,9.85
943,188.578,9.8828125
944,188.778,9.8640625
945,188.978,9.840625
946,189.178,10.1375
947,189.378,9.809375
948,189.578,9.90625
949,189.777,10.0359375
950,189.979,9.8421875
951,190.178,9.9421875
952,190.378,9.85
953,190.578,9.84375
954,190.782,9.896875
955,190.978,9.8296875
956,191.181,9.8578125
957,191.378,9.771875
958,191.578,9.8296875
959,191.777,9.725
960,191.978,9.978125
961,192.183,9.7703125
962,192.378,10.0109375
963,192.579,9.8625
964,192.778,9.9390625
965,192.978,9.809375
966,193.178,9.86875
967,193.378,9.815625
968,193.578,9.84375
969,193.777,9.81875
970,193.978,9.7546875
971,194.183,9.678125
972,194.381,9.934375
973,194.583,9.7203125
974,194.778,9.86875
975,194.982,9.921875
976,195.179,10.015625
977,195.378,9.8984375
978,195.578,55.771875
979,195.777,9.9828125
980,195.978,9.934375
981,196.179,9.8921875
982,196.378,9.825
983,196.578,55.2140625
984,196.778,55.3625
985,196.978,55.2515625
986,197.178,56.9828125
987,197.378,9.8734375
988,197.578,9.7109375
989,197.779,9.8765625
990,197.978,9.8578125
991,198.178,9.8875
992,198.378,9.7859375
993,198.578,9.678125
994,198.778,9.9234375
995,198.978,9.815625
996,199.183,9.925
997,199.378,9.8203125
998,199.577,9.8109375
999,199.777,47.290625
1000,199.977,9.9265625
1001,200.178,9.7765625
1002,200.377,10.00625
1003,200.58,9.85625
1004,200.778,9.740625
1005,200.978,9.78125
1006,201.181,9.9203125
1007,201.378,10.0484375
1008,201.578,9.8578125
1009,201.777,9.928125
1010,201.981,9.9671875
1011,202.182,9.840625
1012,202.377,9.9171875
1013,202.578,9.9171875
1014,202.778,9.9265625
1015,202.979,9.8640625
1016,203.178,9.88125
1017,203.378,10.034375
1018,203.578,9.8140625
1019,203.777,9.878125
1020,203.978,9.8703125
1021,204.178,10.028125
1022,204.378,9.8953125
1023,204.582,9.934375
1024,204.778,10.01875
1025,204.978,9.98125
1026,205.178,9.784375
1027,205.378,9.9375
1028,205.578,9.88125
1029,205.777,9.734375
1030,205.978,9.8734375
1031,206.179,48.878125
1032,206.378,54.946875
1033,206.578,53.66875
1034,206.778,55.428125
1035,206.978,9.73125
1036,207.178,9.81875
1037,207.378,54.953125
1038,207.578,9.91875
1039,207.777,55.0109375
1040,207.978,9.7578125
1041,208.178,54.55
1042,208.378,53.765625
1043,208.578,54.1828125
1044,208.781,57.0671875
1045,208.98,9.84375
1046,209.178,9.9703125
1047,209.378,9.9046875
1048,209.578,9.8625
1049,209.777,10.040625
1050,209.978,9.903125
1051,210.178,9.8703125
1052,210.378,9.90625
1053,210.578,10.0578125
1054,210.778,9.9640625
1055,210.978,9.8421875
1056,211.178,9.871875
1057,211.378,9.996875
1058,211.578,53.1609375
1059,211.778,35.5953125
1060,211.978,53.6078125
1061,212.183,10.046875
1062,212.378,9.93125
1063,212.578,55.14375
1064,212.778,53.5484375
1065,212.978,52.6421875
1066,213.178,54.4140625
1067,213.378,9.8953125
1068,213.578,53.7171875
1069,213.777,54.5625
1070,213.978,9.8421875
1071,214.179,9.9703125
1072,214.378,9.8828125
1073,214.578,9.8375
1074,214.778,9.89375
1075,214.978,9.909375
1076,215.178,9.9390625
1077,215.378,9.871875
1078,215.578,9.765625
1079,215.777,53.9484375
1080,215.978,9.75625
1081,216.179,9.9453125
1082,216.382,9.8921875
1083,216.578,51.5171875
1084,216.778,9.7703125
1085,216.979,53.0703125
1086,217.178,55.6921875
1087,217.378,9.7703125
1088,217.578,42.4109375
1089,217.777,9.8125
1090,217.978,9.88125
1091,218.178,9.9390625
1092,218.378,9.8484375
1093,218.582,9.8703125
1094,218.778,52.8640625
1095,218.978,9.75
1096,219.178,55.1734375
1097,219.378,9.8859375
1098,219.578,10.0609375
1099,219.777,9.778125
1100,219.978,9.9109375
1101,220.178,9.9640625
1102,220.378,9.9453125
1103,220.579,9.9953125
1104,220.778,9.8890625
1105,220.986,9.8546875
1106,221.179,9.7359375
1107,221.378,9.7453125
1108,221.578,9.909375
1109,221.777,9.853125
1110,221.978,9.78125
1111,222.183,9.921875
1112,222.378,9.9078125
1113,222.578,9.8578125
1114,222.778,9.715625
1115,222.981,9.659375
1116,223.178,9.834375
1117,223.378,9.6953125
1118,223.578,9.91875
1119,223.777,10.0328125
1120,223.981,9.878125
1121,224.184,9.91875
1122,224.378,9.8359375
1123,224.578,9.8671875
1124,224.778,9.8125
1125,224.979,9.79375
1126,225.178,9.8109375
1127,225.378,9.8453125
1128,225.578,9.815625
1129,225.781,9.8796875
1130,225.978,9.7203125
1131,226.179,9.821875
1132,226.378,9.7359375
1133,226.578,9.875
1134,226.778,9.809375
1135,226.978,9.84375
1136,227.177,9.8921875
1137,227.384,9.9609375
1138,227.577,10.009375
1139,227.777,9.9828125
1140,227.978,9.9234375
1141,228.178,9.7578125
1142,228.378,9.959375
1143,228.578,9.8171875
1144,228.778,9.975
1145,228.979,9.9671875
1146,229.182,9.9984375
1147,229.378,9.875
1148,229.578,9.8828125
1149,229.778,9.8703125
1150,229.978,9.8734375
1151,230.178,9.9875
1152,230.378,9.715625
1153,230.578,9.896875
1154,230.778,9.884375
1155,230.979,9.846875
1156,231.178,9.84375
1157,231.377,9.7671875
1158,231.58,9.853125
1159,231.778,9.78125
1160,231.98,9.83125
1161,232.178,9.9375
1162,232.378,9.8109375
1163,232.578,9.6640625
1164,232.778,9.803125
1165,232.978,9.8375
1166,233.178,9.971875
1167,233.377,9.875
1168,233.578,9.8234375
1169,233.778,10.0
1170,233.978,9.915625
1171,234.178,9.953125
1172,234.382,9.8203125
1173,234.578,9.7984375
1174,234.778,10.0171875
1175,234.978,9.728125
1176,235.178,9.9015625
1177,235.378,9.8640625
1178,235.578,9.9609375
1179,235.778,9.7921875
1180,235.98,9.825
1181,236.178,9.9
1182,236.378,9.953125
1183,236.578,9.75625
1184,236.778,10.0265625
1185,236.978,10.0171875
1186,237.178,9.9046875
1187,237.377,9.9765625
1188,237.578,9.890625
1189,237.778,9.8734375
1190,237.978,9.928125
1191,238.178,9.8625
1192,238.378,9.93125
1193,238.578,9.99375
1194,238.778,10.015625
1195,238.978,9.90625
1196,239.178,9.759375
1197,239.377,9.86875
1198,239.578,10.0078125
1199,239.779,9.8390625
1200,239.978,9.7484375
1201,240.179,9.8859375
1202,240.378,9.803125
1203,240.578,9.93125
1204,240.778,9.9
1205,240.978,9.965625
1206,241.178,9.9796875
1207,241.377,9.853125
1208,241.578,51.0171875
1209,241.779,55.7796875
1210,241.978,9.7609375
1211,242.178,55.2203125
1212,242.378,54.35625
1213,242.578,9.8484375
1214,242.778,9.7515625
1215,242.978,9.878125
1216,243.178,47.7328125
1217,243.377,9.7734375
1218,243.578,9.9859375
1219,243.778,9.8234375
1220,243.978,9.8109375
1221,244.178,53.6125
1222,244.378,9.9515625
1223,244.578,9.8734375
1224,244.778,51.6109375
1225,244.982,9.790625
1226,245.178,55.878125
1227,245.378,9.934375
1228,245.578,9.8625
1229,245.779,9.9609375
1230,245.978,9.9171875
1231,246.178,9.859375
1232,246.378,9.875
1233,246.578,9.9125
1234,246.778,9.9890625
1235,246.978,9.85625
1236,247.178,9.925
1237,247.377,33.853125
1238,247.578,53.928125
1239,247.784,55.8984375
1240,247.981,45.0140625
1241,248.178,9.9
1242,248.381,55.0359375
1243,248.582,53.9421875
1244,248.778,52.7015625
1245,248.978,9.909375
1246,249.178,9.8640625
1247,249.377,9.91875
1248,249.578,9.8640625
1249,249.778,9.934375
1250,249.978,9.771875
1251,250.178,9.9765625
1252,250.378,9.9671875
1253,250.578,9.965625
1254,250.778,9.909375
1255,250.981,9.8171875
1256,251.178,9.8046875
1257,251.377,9.815625
1258,251.578,9.940625
1259,251.779,9.9578125
1260,251.978,9.9765625
1261,252.178,9.8625
1262,252.382,9.89375
1263,252.578,9.9328125
1264,252.782,55.3890625
1265,252.978,9.7671875
1266,253.178,9.9296875
1267,253.377,54.3328125
1268,253.578,9.921875
1269,253.779,9.9171875
1270,253.982,9.821875
1271,254.178,9.9296875
1272,254.378,9.8703125
1273,254.578,9.859375
1274,254.778,10.0671875
1275,254.979,54.903125
1276,255.178,9.821875
1277,255.377,9.8609375
1278,255.578,9.953125
1279,255.778,10.04375
1280,255.978,9.859375
1281,256.178,9.74375
1282,256.378,10.0828125
1283,256.578,9.9390625
1284,256.778,9.9640625
1285,256.978,9.846875
1286,257.178,9.8890625
1287,257.377,9.99375
1288,257.578,9.915625
1289,257.779,9.9546875
1290,257.978,9.8578125
1291,258.178,9.8328125
1292,258.378,9.8984375
1293,258.578,9.8234375
1294,258.778,9.828125
1295,258.978,9.75
1296,259.178,9.9078125
1297,259.377,9.815625
1298,259.578,9.975
1299,259.779,9.8953125
1300,259.979,9.8546875
1301,260.178,9.9234375
1302,260.378,9.915625
1303,260.578,9.8828125
1304,260.778,9.8375
1305,260.979,9.9765625
1306,261.178,9.9078125
1307,261.377,9.9765625
1308,261.578,54.4984375
1309,261.779,52.003125
1310,261.978,9.840625
1311,262.178,47.5640625
1312,262.378,47.7609375
1313,262.578,37.88125
1314,262.781,54.2796875
1315,262.98,9.915625
1316,263.178,9.9
1317,263.377,9.8953125
1318,263.578,54.8578125
1319,263.779,57.0109375
1320,263.982,32.7
1321,264.18,55.7453125
1322,264.378,53.3703125
1323,264.578,10.08125
1324,264.778,48.61875
1325,264.978,51.78125
1326,265.178,9.8921875
1327,265.378,9.85625
1328,265.581,55.2328125
1329,265.779,53.8390625
1330,265.989,51.0640625
1331,266.178,55.021875
1332,266.378,9.8125
1333,266.579,9.9171875
1334,266.777,9.784375
1335,266.978,9.9875
1336,267.178,9.8125
1337,267.377,9.7609375
1338,267.577,9.9875
1339,267.778,9.8578125
1340,267.981,9.7703125
1341,268.178,9.9546875
1342,268.378,9.9234375
1343,268.578,9.7875
1344,268.778,9.8546875
1345,268.978,9.853125
1346,269.182,9.9421875
1347,269.377,9.9
1348,269.578,9.6984375
1349,269.779,9.8921875
1350,269.978,9.921875
1351,270.178,9.93125
1352,270.378,9.9421875
1353,270.578,10.0015625
1354,270.778,9.7359375
1355,270.978,9.753125
1356,271.178,9.9078125
1357,271.377,9.940625
1358,271.578,9.8359375
1359,271.779,9.815625
1360,271.978,9.7171875
1361,272.179,9.925
1362,272.378,9.815625
1363,272.578,9.9140625
1364,272.778,9.85
1365,272.978,9.8953125
1366,273.179,9.8890625
1367,273.377,9.8984375
1368,273.578,9.8390625
1369,273.778,9.96875
1370,273.981,9.859375
1371,274.178,9.778125
1372,274.378,9.86875
1373,274.579,9.975
1374,274.778,9.85625
1375,274.979,9.8453125
1376,275.178,9.759375
1377,275.377,9.75625
1378,275.578,9.821875
1379,275.778,9.7984375
1380,275.978,9.76875
1381,276.178,9.8765625
1382,276.378,10.1046875
1383,276.578,9.8984375
1384,276.778,9.9171875
1385,276.978,9.78125
1386,277.179,9.7609375
1387,277.38,9.996875
1388,277.578,9.78125
1389,277.778,9.9359375
1390,277.98,9.85625
1391,278.178,9.7796875
1392,278.378,10.0640625
1393,278.578,9.9625
1394,278.778,9.90625
1395,278.977,9.9578125
1396,279.178,9.9953125
1397,279.379,9.8140625
1398,279.578,9.8578125
1399,279.778,9.8609375
1400,279.978,9.975
1401,280.179,10.0234375
1402,280.378,9.8921875
1403,280.579,9.9125
1404,280.778,9.796875
1405,280.979,9.9890625
1406,281.178,9.840625
1407,281.378,9.8359375
1408,281.578,9.9171875
1409,281.779,9.825
1410,281.978,9.8875
1411,282.178,9.8390625
1412,282.378,9.925
1413,282.578,9.721875
1414,282.781,9.809375
1415,282.978,9.803125
1416,283.178,9.846875
1417,283.378,9.971875
1418,283.578,9.809375
1419,283.778,9.771875
1420,283.978,9.8328125
1421,284.178,9.9125
1422,284.378,9.846875
1423,284.578,9.9265625
1424,284.779,9.8484375
1425,284.977,9.9640625
1426,285.178,10.0609375
1427,285.379,9.703125
1428,285.578,9.903125
1429,285.778,10.040625
1430,285.978,10.01875
1431,286.178,9.9171875
1432,286.378,9.88125
1433,286.578,9.9421875
1434,286.778,9.75625
1435,286.98,9.753125
1436,287.178,9.884375
1437,287.379,10.065625
1438,287.578,9.8
1439,287.778,9.7953125
1440,287.978,9.9125
1441,288.178,9.76875
1442,288.379,10.0125
1443,288.578,9.778125
1444,288.778,9.8453125
1445,288.977,10.0453125
1446,289.178,9.7921875
1447,289.379,9.8234375
1448,289.578,9.9765625
1449,289.778,9.8875
1450,289.978,9.728125
1451,290.18,9.9890625
1452,290.378,9.8234375
1453,290.578,9.9015625
1454,290.778,9.8625
1455,290.98,9.925
1456,291.179,10.1125
1457,291.379,9.8390625
1458,291.578,10.009375
1459,291.778,10.08125
1460,291.978,9.853125
1461,292.178,9.909375
1462,292.378,9.8328125
1463,292.578,9.7796875
1464,292.778,9.9515625
1465,292.98,9.834375
1466,293.178,9.784375
1467,293.378,9.7203125
1468,293.578,9.8984375
1469,293.778,9.9078125
1470,293.978,9.71875
1471,294.178,9.7265625
1472,294.378,9.740625
1473,294.578,10.1421875
1474,294.779,9.865625
1475,294.978,9.871875
1476,295.178,9.8421875
1477,295.379,9.8484375
1478,295.578,9.840625
1479,295.778,9.8921875
1480,295.978,9.98125
1481,296.178,9.8703125
1482,296.378,9.746875
1483,296.578,9.925
1484,296.778,9.9484375
1485,296.977,9.775
1486,297.179,9.9375
1487,297.381,9.765625
1488,297.578,9.84375
1489,297.778,10.0953125
1490,297.978,9.8109375
1491,298.178,9.8046875
1492,298.381,9.928125
1493,298.578,9.7953125
1494,298.781,9.775
1495,298.977,9.971875
1496,299.178,9.8796875
1497,299.378,9.8921875
1498,299.578,9.85625
1499,299.778,9.69375
1500,299.978,9.803125
1501,300.178,9.8390625
1502,300.378,9.796875
1503,300.578,10.0140625
1504,300.778,9.9328125
1505,300.978,9.7671875
1506,301.179,9.821875
1507,301.379,9.9140625
1508,301.578,9.8765625
1509,301.778,9.9859375
1510,301.98,9.84375
1511,302.179,9.7421875
1512,302.378,9.834375
1513,302.578,9.903125
1514,302.778,10.0734375
1515,302.978,9.9625
1516,303.178,9.7234375
1517,303.379,9.7859375
1518,303.578,9.8890625
1519,303.778,9.8875
1520,303.978,9.8484375
1521,304.178,9.896875
1522,304.378,9.7890625
1523,304.578,10.009375
1524,304.778,9.715625
1525,304.98,9.9078125
1526,305.178,9.8875
1527,305.378,9.9140625
1528,305.578,9.7828125
1529,305.778,9.8453125
1530,305.982,9.9109375
1531,306.178,9.8328125
1532,306.378,9.88125
1533,306.578,9.884375
1534,306.778,9.9265625
1535,306.978,9.89375
1536,307.178,9.921875
1537,307.379,9.8328125
1538,307.578,9.896875
1539,307.778,9.965625
1540,307.981,9.840625
1541,308.179,9.9328125
1542,308.378,9.8203125
1543,308.578,9.8203125
1544,308.782,9.8921875
1545,308.978,9.7984375
1546,309.178,9.75
1547,309.379,9.9109375
1548,309.578,9.8875
1549,309.778,9.8359375
1550,309.981,9.78125
1551,310.178,9.86875
1552,310.378,9.825
1553,310.578,9.85625
1554,310.778,9.8203125
1555,310.978,9.91875
1556,311.178,9.9515625
1557,311.379,9.8453125
1558,311.578,9.959375
1559,311.778,9.953125
1560,311.978,9.8640625
1561,312.178,9.9109375
1562,312.378,9.9015625
1563,312.578,9.815625
1564,312.778,10.0
1565,312.979,9.9234375
1566,313.178,9.9125
1567,313.379,9.90625
1568,313.578,9.85625
1569,313.778,9.8015625
1570,313.979,9.8234375
1571,314.178,9.8375
1572,314.378,10.0109375
1573,314.578,9.971875
1574,314.778,9.9046875
1575,314.98,9.85
1576,315.178,9.915625
1577,315.379,10.00625
1578,315.578,9.890625
1579,315.778,9.9640625
1580,315.978,10.0
1581,316.178,9.8078125
1582,316.378,9.7875
1583,316.578,9.8265625
1584,316.778,9.85625
1585,316.977,9.9296875
1586,317.178,9.7578125
1587,317.379,9.74375
1588,317.578,9.65
1589,317.778,9.6484375
1590,317.978,9.734375
1591,318.181,9.596875
1592,318.378,9.6875
1593,318.578,9.5734375
1594,318.778,55.928125
1595,318.977,56.1015625
1596,319.179,9.61875
1597,319.379,9.5953125
1598,319.578,9.95
1599,319.778,9.7765625
1600,319.978,9.765625
1601,320.178,9.9296875
1602,320.378,52.6359375
1603,320.578,56.2796875
1604,320.781,52.646875
1605,320.977,55.7453125
1606,321.178,9.909375
1607,321.379,9.790625
1608,321.578,9.853125
1609,321.779,9.8796875
1610,321.978,9.9296875
1611,322.184,9.8609375
1612,322.378,9.7890625
1613,322.578,10.1
1614,322.778,9.8203125
1615,322.977,9.9171875
1616,323.179,55.2671875
1617,323.379,46.540625
1618,323.578,9.6109375
1619,323.778,9.7671875
1620,323.979,9.6640625
1621,324.178,9.7375
1622,324.378,9.540625
1623,324.578,45.975
1624,324.779,9.7265625
1625,324.98,9.8
1626,325.179,9.6671875
1627,325.379,9.690625
1628,325.578,53.1515625
1629,325.778,9.65
1630,325.979,9.7375
1631,326.178,9.6609375
1632,326.378,9.6875
1633,326.578,9.6453125
1634,326.778,9.74375
1635,326.977,9.8015625
1636,327.178,9.825
1637,327.378,9.609375
1638,327.581,9.6890625
1639,327.778,9.7140625
1640,327.979,9.703125
1641,328.178,48.8140625
1642,328.378,53.1703125
1643,328.578,9.5796875
1644,328.778,9.58125
1645,328.977,9.7359375
1646,329.181,9.7953125
1647,329.378,9.684375
1648,329.578,9.740625
1649,329.778,9.6921875
1650,329.981,9.590625
1651,330.178,9.859375
