,Elapsed_Time,Data
0,0.0,52.4104688
1,0.188,46.9346094
2,0.386,51.1328125
3,0.586,49.3252344
4,0.786,52.5565625
5,0.986,49.014453100000004
6,1.187,48.9321094
7,1.386,50.7875
8,1.585,48.849765600000005
9,1.789,52.94039059999999
10,1.985,48.736875
11,2.187,49.1034375
12,2.386,54.23929690000001
13,2.585,51.0557813
14,2.785,49.0370312
15,2.985,51.9934375
16,3.185,45.6476562
17,3.386,54.485
18,3.585,46.1735938
19,3.786,52.337421899999995
20,3.985,50.9654687
21,4.186,48.071484399999996
22,4.386,52.544609400000006
23,4.586,46.092578100000004
24,4.785,55.631171900000005
25,4.987,53.5008594
26,5.186,49.515156299999994
27,5.386,60.5558594
28,5.586,53.142265599999995
29,5.786,51.5777344
30,5.987,60.403125
31,6.186,49.4182031
32,6.387,49.6227344
33,6.585,47.8775781
34,6.786,54.133046900000004
35,6.986,55.5886719
36,7.186,53.888671900000006
37,7.386,49.8790625
38,7.587,51.0
39,7.789,48.481875
40,7.986,54.382734400000004
41,8.187,58.67125
42,43.564,58.618125
43,133.547,51.9788281
44,146.739,48.6784375
45,146.925,50.5590625
46,147.124,45.6675781
47,147.323,48.3464063
48,147.531,46.9625
49,147.724,48.3264844
50,147.924,51.1128906
51,148.123,54.818359400000006
52,148.324,49.3517969
53,148.523,48.4141406
54,148.724,43.740468799999995
55,148.923,51.0571094
56,149.124,52.5844531
57,149.326,48.035625
58,149.523,47.436640600000004
59,149.724,51.3373438
60,149.924,51.8845313
61,150.123,49.29734379999999
62,150.324,55.6417969
63,150.523,52.0173438
64,150.724,52.0146875
65,150.924,54.898046900000004
66,151.124,50.642734399999995
67,151.324,56.3310938
68,151.532,50.5590625
69,151.724,49.633359399999996
70,151.925,50.2177344
71,152.124,47.9307031
72,152.324,51.8832031
73,152.525,47.1975781
74,152.724,49.7874219
75,152.924,53.390625
76,153.124,52.391875
77,153.326,54.1104688
78,153.524,52.0107031
79,153.724,53.689453099999994
80,153.924,55.697578099999994
81,154.129,55.1517188
82,154.325,54.7758594
83,154.529,49.6665625
84,154.724,54.1848437
85,154.924,59.453515599999996
86,155.123,52.366640600000004
87,155.329,50.6626562
88,155.532,49.898984399999996
89,155.725,49.929531299999994
90,155.924,54.8701563
91,156.128,52.936406299999994
92,156.324,57.1346094
93,156.525,51.8274219
94,156.724,51.257656299999994
95,156.924,53.3375
96,157.123,49.0503125
97,157.324,51.7424219
98,157.526,62.1934375
99,157.729,51.2483594
100,157.937,50.628125
101,158.129,50.310703100000005
102,158.324,50.1991406
103,158.529,57.1571875
104,158.724,53.476953099999996
105,158.923,50.93625
106,159.125,54.584609400000005
107,159.329,50.6214844
108,159.524,52.44101559999999
109,159.724,54.50625
110,159.927,54.2353125
111,160.124,51.6760156
112,160.324,53.37867190000001
113,160.536,56.1026563
114,160.725,49.2229688
115,160.924,54.2220313
116,161.124,53.094453099999996
117,161.325,50.5683594
118,161.523,49.5789063
119,161.723,54.8807812
120,161.923,49.710390600000004
121,162.123,56.2075781
122,162.324,51.9602344
123,162.523,53.55
124,162.724,51.4329688
125,162.924,48.7063281
126,163.123,52.2072656
127,163.323,52.860703099999995
128,163.535,53.38
129,163.733,59.2742188
130,163.928,50.161953100000005
131,164.124,63.030156299999994
132,164.323,56.2089062
133,164.525,54.3229688
134,164.723,57.1040625
135,164.923,49.710390600000004
136,165.124,51.5046875
137,165.325,56.247421900000006
138,165.525,54.12375
139,165.724,57.1970313
140,165.923,47.837734399999995
141,166.125,47.8749219
142,166.327,54.7466406
143,166.538,53.8169531
144,166.729,60.15609370000001
145,166.925,57.4015625
146,167.125,60.41773440000001
147,167.323,58.685859400000005
148,167.524,51.7663281
149,167.723,51.673359399999995
150,167.925,58.8625
151,168.124,55.165
152,168.324,51.1686719
153,168.528,52.2258594
154,168.724,59.6328125
155,168.924,52.6349219
156,169.124,58.5610156
157,169.323,47.0767187
158,169.524,52.771718799999995
159,169.723,60.2198438
160,169.924,56.656484400000004
161,170.123,56.0083594
162,170.326,58.3339062
163,170.529,54.41726559999999
164,170.724,51.2855469
165,170.923,57.1810938
166,171.124,54.17554690000001
167,171.323,59.77757809999999
168,171.524,50.8339844
169,171.723,61.4071875
170,171.924,53.291015599999994
171,172.124,51.670703100000004
172,172.324,52.6654688
173,172.526,59.3074219
174,172.724,53.82625
175,172.924,52.3626563
176,173.124,51.5179688
177,173.324,53.5101563
178,173.529,49.8857031
179,173.723,56.1159375
180,173.924,57.513125
181,174.124,55.0507812
182,174.324,56.7016406
183,174.523,58.3684375
184,174.724,63.283828099999994
185,174.923,56.174375
186,175.124,60.093671900000004
187,175.324,56.73085940000001
188,175.526,47.5521875
189,175.724,56.3417187
190,175.926,62.833593799999996
191,176.123,56.728203099999995
192,176.324,53.7505469
193,176.528,60.44960940000001
194,176.724,59.1015625
195,176.923,53.1648438
196,177.126,57.838515599999994
197,177.323,54.7572656
198,177.531,53.1834375
199,177.724,58.2754688
200,177.924,55.6922656
201,178.123,59.6115625
202,178.324,52.58976559999999
203,178.528,54.5580469
204,178.724,54.301718799999996
205,178.924,56.599375
206,179.124,53.1595313
207,179.324,46.6291406
208,179.524,49.0569531
209,179.726,51.51
210,179.924,46.3064063
211,180.124,49.3451563
212,180.325,58.1944531
213,180.529,57.5649219
214,180.724,60.9224219
215,180.925,55.61125
216,181.124,60.327421900000004
217,181.324,60.8055469
218,181.527,55.0135937
219,181.724,57.6379687
220,181.925,58.4653906
221,182.124,62.2864062
222,182.324,53.9378125
223,182.528,59.18125
224,182.724,53.195390599999996
225,182.926,60.8692969
226,183.123,51.7517188
227,183.324,57.493203099999995
228,183.525,61.4510156
229,183.725,59.741718799999994
230,183.924,61.5453125
231,184.125,57.9859375
232,184.325,53.059921900000006
233,184.524,51.6985938
234,184.724,56.92875
235,184.924,59.187890599999996
236,185.124,56.896875
237,185.325,56.2089062
238,185.538,55.315078099999994
239,185.725,57.1439063
240,185.924,53.907265599999995
241,186.126,59.489375
242,186.328,61.227890599999995
243,186.527,53.1502344
244,186.723,61.39523440000001
245,186.924,56.7428125
246,187.124,61.061875
247,187.324,58.59023440000001
248,187.524,56.4745312
249,187.723,55.049453099999994
250,187.924,53.284375
251,188.124,58.1320312
252,188.323,58.005859400000006
253,188.527,53.0678906
254,188.724,56.857031299999996
255,188.924,55.42
256,189.124,51.342656299999994
257,189.324,57.8119531
258,189.529,58.9528125
259,189.732,56.9446875
260,189.924,60.52
261,190.124,54.141015599999996
262,190.324,54.4119531
263,190.53,59.5929687
264,190.729,47.129843799999996
265,190.924,57.754843799999996
266,191.124,61.7963281
267,191.323,60.9264062
268,191.535,59.5398438
269,191.727,55.1264844
270,191.923,58.5039062
271,192.124,50.7875
272,192.324,59.6885938
273,192.528,62.2000781
274,192.724,56.4825
275,192.924,58.5304687
276,193.125,51.9323438
277,193.324,57.66054690000001
278,193.531,55.91007809999999
279,193.726,51.7078906
280,193.925,60.4164063
281,194.124,52.0266406
282,194.324,62.12039059999999
283,194.533,59.368515599999995
284,194.731,58.1147656
285,194.924,55.643125
286,195.124,60.8347656
287,195.33,60.3898437
288,195.528,56.361640599999994
289,195.723,56.8025781
290,195.924,56.1292188
291,196.124,53.360078099999996
292,196.325,60.3725781
293,196.526,61.826875
294,196.724,54.9259375
295,196.924,61.907890599999995
296,197.124,60.140156299999994
297,197.323,60.8347656
298,197.524,60.403125
299,197.723,61.3978906
300,197.923,58.0284375
301,198.125,59.41898440000001
302,198.324,56.632578099999996
303,198.526,60.7205469
304,198.723,56.684375
305,198.924,54.7878125
306,199.124,59.12148440000001
307,199.324,50.6533594
308,199.525,58.5065625
309,199.724,58.99
310,199.924,60.9516406
311,200.124,57.82125
312,200.324,60.6979688
313,200.524,58.499921900000004
314,200.723,52.8846094
315,200.924,55.052109400000006
316,201.123,61.1827344
317,201.324,57.7508594
318,201.523,59.437578099999996
319,201.724,60.013984400000005
320,201.923,57.39625
321,202.124,60.076406299999995
322,202.324,58.84789059999999
323,202.535,59.4575
324,202.724,57.3842969
325,202.924,59.616875
326,203.124,60.7484375
327,203.325,58.405625
328,203.529,57.19039059999999
329,203.724,56.2115625
330,203.924,62.9464844
331,204.124,59.5942969
332,204.325,59.8267187
333,204.529,51.2815625
334,204.724,59.6607031
335,204.924,61.158828099999994
336,205.124,62.3328906
337,205.325,58.600859400000004
338,205.529,56.3390625
339,205.723,57.888984400000005
340,205.924,61.945078099999996
341,206.124,61.189375
342,206.324,61.10171879999999
343,206.526,61.77375
344,206.724,60.648828099999996
345,206.924,60.2065625
346,207.124,58.2914063
347,207.324,55.99507809999999
348,207.53,59.47875
349,207.724,54.720078099999995
350,207.924,57.4732812
351,208.124,61.3248437
352,208.324,60.42570309999999
353,208.528,59.8984375
354,208.724,59.64078129999999
355,208.924,58.881093799999995
356,209.124,61.5798438
357,209.324,55.2911719
358,209.525,61.4032031
359,209.724,61.70601559999999
360,209.923,61.17875
361,210.124,61.9596875
362,210.324,60.279609400000005
363,210.524,61.1853906
364,210.724,60.577109400000005
365,210.924,55.5501563
366,211.124,51.6042969
367,211.325,60.0910156
368,211.528,59.5026563
369,211.725,58.55835940000001
370,211.924,60.64351559999999
371,212.124,60.126875
372,212.324,58.256875
373,212.528,61.8335156
374,212.724,54.8236719
375,212.924,59.404375
376,213.125,60.327421900000004
377,213.324,55.7467187
378,213.524,57.907578099999995
379,213.724,60.0564844
380,213.924,59.789531200000006
381,214.13,60.8374219
382,214.323,60.8334375
383,214.524,60.975546900000005
384,214.724,60.75375
385,214.923,59.78554690000001
386,215.124,61.614375
387,215.323,60.5890625
388,215.524,59.298125
389,215.727,56.6883594
390,215.924,61.1575
391,216.124,48.7886719
392,216.324,62.0513281
393,216.528,56.709609400000005
394,216.724,60.296875
395,216.924,61.8640625
396,217.125,60.296875
397,217.323,59.279531299999995
398,217.528,61.5771875
399,217.727,59.68460940000001
400,217.925,60.68335940000001
401,218.124,60.2623437
402,218.324,61.0366406
403,218.524,61.3686719
404,218.724,61.01273440000001
405,218.924,60.330078099999994
406,219.124,61.37132809999999
407,219.324,59.6221875
408,219.524,61.610390599999995
409,219.726,58.999296900000004
410,219.924,59.6115625
411,220.124,59.3725
412,220.324,60.8374219
413,220.528,60.2225
414,220.725,58.227656200000006
415,220.924,61.3142188
416,221.125,56.366953099999996
417,221.329,59.077656299999994
418,221.524,52.285625
419,221.724,53.01210940000001
420,221.924,61.724609400000006
421,222.124,59.446875
422,222.324,59.6859375
423,222.525,61.1654688
424,222.724,58.6021875
425,222.924,60.162734400000005
426,223.124,61.7179687
427,223.324,61.0459375
428,223.535,60.3154688
429,223.729,59.976796900000004
430,223.924,59.5
431,224.124,59.578359400000004
432,224.324,60.5173438
433,224.524,60.4084375
434,224.724,60.11625
435,224.924,59.3459375
436,225.128,60.320781200000006
437,225.324,61.5678906
438,225.528,56.71625
439,225.724,60.218515599999996
440,225.924,60.1574219
441,226.124,59.874531299999994
442,226.324,57.272734400000004
443,226.527,59.998046900000006
444,226.725,60.0976562
445,226.924,53.4663281
446,227.131,52.921796900000004
447,227.324,59.9409375
448,227.529,59.8479688
449,227.724,51.8778906
450,227.924,60.97289059999999
451,228.125,60.7205469
452,228.323,58.958125
453,228.524,60.64351559999999
454,228.723,59.2689063
455,228.924,59.384453099999995
456,229.124,59.9303125
457,229.325,59.9090625
458,229.525,60.2703125
459,229.724,57.1850781
460,229.924,60.44960940000001
461,230.124,60.041875
462,230.327,58.7907813
463,230.53,60.5598437
464,230.724,60.9503125
465,230.924,61.253125
466,231.124,54.200781299999996
467,231.324,61.148203099999996
468,231.524,60.5784375
469,231.724,60.794921900000006
470,231.925,59.9741406
471,232.124,60.02726559999999
472,232.323,54.37210940000001
473,232.524,54.365468799999995
474,232.725,58.2728125
475,232.925,60.218515599999996
476,233.124,59.6713281
477,233.325,58.979375
478,233.529,57.907578099999995
479,233.723,59.23835940000001
480,233.924,59.187890599999996
481,234.13,60.5532031
482,234.324,62.039375
483,234.526,60.2517188
484,234.724,57.357734400000005
485,234.925,58.9528125
486,235.124,58.505234400000006
487,235.324,58.2090625
488,235.528,57.33914059999999
489,235.725,58.7535938
490,235.925,59.11351559999999
491,236.124,59.3950781
492,236.324,58.87179690000001
493,236.529,59.6580469
494,236.724,57.092109400000005
495,236.924,60.0657813
496,237.124,59.8160938
497,237.324,58.88773440000001
498,237.528,60.757734400000004
499,237.724,59.5757031
500,237.924,60.664765599999996
501,238.124,57.7946875
502,238.324,59.08164059999999
503,238.524,59.62882809999999
504,238.724,57.6140625
505,238.924,58.98070309999999
506,239.13,56.9260938
507,239.324,58.4003125
508,239.525,60.105625
509,239.724,59.5730469
510,239.924,59.5584375
511,240.124,59.333984400000006
512,240.324,59.0285156
513,240.524,59.4840625
514,240.725,58.2382812
515,240.924,59.5982812
516,241.125,59.47875
517,241.324,56.52632809999999
518,241.524,60.6036719
519,241.724,59.998046900000006
520,241.924,60.5917187
521,242.124,60.3194531
522,242.327,57.7136719
523,242.524,55.5382031
524,242.724,59.531875
525,242.924,60.62625
526,243.124,57.3351562
527,243.325,60.0046875
528,243.529,60.6674219
529,243.724,57.91421879999999
530,243.924,59.8214063
531,244.124,59.8732031
532,244.324,58.853203099999995
533,244.525,59.3273437
534,244.724,58.086875
535,244.924,58.5703125
536,245.125,58.2542188
537,245.325,60.0219531
538,245.528,59.055078099999996
539,245.725,60.15875
540,245.924,59.319375
541,246.125,59.1626562
542,246.324,59.0696875
543,246.526,58.5570313
544,246.724,59.5425
545,246.924,58.780156299999994
546,247.124,58.5889063
547,247.324,59.830703099999994
548,247.526,60.342031299999995
549,247.723,59.48804690000001
550,247.924,60.3380469
551,248.13,59.37914059999999
552,248.324,59.778906299999996
553,248.528,59.3353125
554,248.724,54.5646875
555,248.924,59.047109400000004
556,249.124,61.4390625
557,249.324,59.1613281
558,249.524,58.6685937
559,249.724,59.3246875
560,249.924,60.181328099999995
561,250.124,57.1664844
562,250.324,54.976406299999994
563,250.53,59.513281299999996
564,250.724,58.903671900000006
565,250.924,59.6832813
566,251.125,60.5651563
567,251.325,58.8784375
568,251.528,58.88773440000001
569,251.724,58.9780469
570,251.925,57.91023440000001
571,252.124,58.830625
572,252.324,60.114921900000006
573,252.524,59.5610937
574,252.725,59.6713281
575,252.924,59.5398438
576,253.124,58.809375
577,253.324,58.5596875
578,253.525,59.3459375
579,253.724,58.8266406
580,253.924,59.0099219
581,254.124,59.2875
582,254.325,59.9409375
583,254.529,60.012656299999996
584,254.724,59.0032813
585,254.923,57.685781299999995
586,255.125,59.90640629999999
587,255.323,58.6871875
588,255.529,59.6540625
589,255.724,59.545156299999995
590,255.924,59.709843799999994
591,256.125,57.1465625
592,256.328,58.9979687
593,256.524,57.4759375
594,256.725,58.81601559999999
595,256.924,56.8703125
596,257.124,59.6859375
597,257.327,56.3975
598,257.526,59.656718700000006
599,257.724,60.945
600,257.924,58.82796870000001
601,258.124,58.2117188
602,258.33,59.3924219
603,258.524,59.4654687
604,258.724,59.178593799999994
605,258.924,58.9435156
606,259.125,60.55851559999999
607,259.324,58.04703129999999
608,259.525,59.5278906
609,259.724,57.89828120000001
610,259.924,60.7989063
611,260.124,58.2010937
612,260.324,60.3871875
613,260.526,59.416328099999994
614,260.724,58.2409375
615,260.924,58.3684375
616,261.124,52.5778125
617,261.324,57.875703099999996
618,261.525,59.5916406
619,261.724,59.33132809999999
620,261.924,58.4109375
621,262.124,57.258125
622,262.324,59.23835940000001
623,262.524,60.2623437
624,262.724,58.3432031
625,262.924,59.4521875
626,263.124,59.1294531
627,263.324,58.093515599999996
628,263.524,59.1573438
629,263.724,60.0817188
630,263.924,57.6140625
631,264.126,59.114843799999996
632,264.324,58.07492190000001
633,264.528,58.6420313
634,264.724,59.748359400000005
635,264.924,58.656640599999996
636,265.124,55.35625
637,265.324,59.5557813
638,265.524,58.9209375
639,265.724,56.73484379999999
640,265.924,59.4402344
641,266.124,58.514531299999994
642,266.324,59.1865625
643,266.524,59.033828099999994
644,266.725,57.7521875
645,266.924,58.9395313
646,267.124,58.2914063
647,267.324,58.372421900000006
648,267.524,58.47335940000001
649,267.724,58.5278125
650,267.924,59.2755469
651,268.124,59.2529688
652,268.326,57.803984400000004
653,268.525,59.10953129999999
654,268.724,59.1732813
655,268.924,59.51992190000001
656,269.124,59.53585940000001
657,269.324,60.1746875
658,269.525,57.715
659,269.724,58.8585156
660,269.924,60.829453099999995
661,270.125,58.7469531
662,270.324,57.718984400000004
663,270.525,58.28476559999999
664,270.724,59.1759375
665,270.924,58.4029687
666,271.124,57.2169531
667,271.324,59.3140625
668,271.525,59.586328099999996
669,271.724,59.8585937
670,271.924,59.444218799999994
671,272.124,59.0590625
672,272.324,58.57429690000001
673,272.525,58.5955469
674,272.724,58.242265599999996
675,272.925,57.360390599999995
676,273.124,58.5317969
677,273.324,56.3855469
678,273.53,58.9435156
679,273.724,59.320703099999996
680,273.924,59.5185938
681,274.125,57.69242190000001
682,274.325,60.5877344
683,274.524,57.3935938
684,274.724,60.0020313
685,274.924,58.4959375
686,275.124,57.8345312
687,275.325,58.54375
688,275.524,58.626093700000006
689,275.724,57.193046900000006
690,275.924,57.6804688
691,276.125,54.69882809999999
692,276.324,58.153281299999996
693,276.524,59.8094531
694,276.724,58.170546900000005
695,276.925,57.891640599999995
696,277.124,57.77875
697,277.324,59.068359400000006
698,277.529,53.4849219
699,277.725,58.317968799999996
700,277.925,56.426718799999996
701,278.124,54.1290625
702,278.324,58.094843700000006
703,278.524,55.3695313
704,278.724,59.445546900000004
705,278.924,59.3140625
706,279.124,59.3857813
707,279.324,57.6246875
708,279.526,59.764296900000005
709,279.724,57.9248438
710,279.924,59.08960940000001
711,280.123,58.1320312
712,280.324,58.438828099999995
713,280.523,57.758828099999995
714,280.728,56.1504688
715,280.923,59.444218799999994
716,281.124,57.49984370000001
717,281.324,57.108046900000005
718,281.524,58.0098438
719,281.725,58.037734400000005
720,281.924,57.360390599999995
721,282.124,58.2223438
722,282.324,57.4028906
723,282.527,57.7282813
724,282.724,57.29398440000001
725,282.924,58.6898438
726,283.124,59.2064844
727,283.324,58.0098438
728,283.526,57.521093799999996
729,283.724,57.10539059999999
730,283.924,58.9408594
731,284.125,58.0961719
732,284.324,57.4347656
733,284.525,54.9817187
734,284.725,56.811875
735,284.924,57.319218799999994
736,285.125,54.5965625
737,285.324,55.061406299999994
738,285.525,59.3671875
739,285.724,60.1202344
740,285.924,57.5994531
741,286.125,57.297968700000006
742,286.329,58.2621875
743,286.526,59.2117969
744,286.724,59.333984400000006
745,286.924,57.392265599999995
746,287.125,58.912968799999994
747,287.328,54.998984400000005
748,287.524,10.0459375
749,287.724,55.235390599999995
750,287.924,57.445390599999996
751,288.124,58.6765625
752,288.323,57.9939063
753,288.525,58.271484400000006
754,288.725,57.5463281
755,288.924,56.86367190000001
756,289.124,55.96585940000001
757,289.324,57.89429690000001
758,289.53,59.296796900000004
759,289.724,57.7482031
760,289.924,58.5264844
761,290.125,59.570390599999996
762,290.324,59.0325
763,290.532,56.7428125
764,290.73,57.5463281
765,290.924,58.69515620000001
766,291.124,57.4334375
767,291.325,55.9007813
768,291.524,59.59695309999999
769,291.724,57.406875
770,291.925,58.6646094
771,292.124,58.6925
772,292.324,58.57429690000001
773,292.528,58.0642969
774,292.724,57.9939063
775,292.924,57.8770313
776,293.124,59.4389063
777,293.327,58.122734400000006
778,293.525,56.829140599999995
779,293.724,57.7203125
780,293.925,58.3644531
781,294.124,58.539765599999996
782,294.325,58.866484400000004
783,294.525,56.7428125
784,294.724,58.5132031
785,294.928,55.14375
786,295.131,58.04304690000001
787,295.33,58.486640599999994
788,295.527,56.4771875
789,295.729,57.477265599999996
790,295.925,57.31125
791,296.124,57.2289063
792,296.325,58.37375
793,296.524,57.51578129999999
794,296.724,57.255468799999996
795,296.925,58.2010937
796,297.124,57.6472656
797,297.324,59.2609375
798,297.526,57.6246875
799,297.725,59.5982812
800,297.924,57.7760938
801,298.123,59.3964062
802,298.327,59.6235156
803,298.523,60.2278125
804,298.728,58.16789059999999
805,298.924,57.179765599999996
806,299.123,59.3857813
807,299.329,57.853125
808,299.525,57.421484400000004
809,299.724,57.874375
810,299.929,58.4003125
811,300.124,58.367109400000004
812,300.328,56.643203099999994
813,300.529,58.406953099999996
814,300.724,59.4614844
815,300.93,58.5291406
816,301.125,57.6339844
817,301.328,57.9792969
818,301.524,60.076406299999995
819,301.725,57.7442188
820,301.924,58.8704688
821,302.125,58.24625
822,302.325,57.5954688
823,302.526,57.6180469
824,302.724,56.9473438
825,302.924,58.639375
826,303.124,57.9474219
827,303.324,57.5184375
828,303.525,57.054921900000004
829,303.724,58.12007809999999
830,303.924,57.4414062
831,304.125,53.90992190000001
832,304.325,58.4600781
833,304.524,58.6659375
834,304.725,57.130625
835,304.924,58.818671900000005
836,305.124,58.2475781
837,305.323,57.641953099999995
838,305.525,58.78414059999999
839,305.725,57.5290625
840,305.925,57.092109400000005
841,306.124,57.704375
842,306.324,58.3644531
843,306.526,58.8757813
844,306.724,56.6126563
845,306.924,57.4095313
846,307.124,57.1372656
847,307.327,58.255546900000006
848,307.524,58.3617969
849,307.724,58.1944531
850,307.928,56.8716406
851,308.124,58.619453099999994
852,308.326,57.8810156
853,308.524,58.1147656
854,308.725,57.562265599999996
855,308.924,55.87820309999999
856,309.124,52.4025
857,309.325,56.6073437
858,309.524,54.71875
859,309.724,57.4692969
860,309.924,57.695078099999996
861,310.124,58.31265629999999
862,310.324,58.04304690000001
863,310.524,58.7509375
864,310.724,59.086953099999995
865,310.924,57.4175
866,311.124,57.904921900000005
867,311.328,58.48
868,311.524,58.6300781
869,311.725,57.4865625
870,311.93,58.4534375
871,312.124,58.3803906
872,312.325,9.98484375
873,312.534,58.9966406
874,312.724,58.6739063
875,312.924,58.3710938
876,313.125,57.541015599999994
877,313.325,56.71890629999999
878,313.527,58.26882809999999
879,313.724,56.5807813
880,313.924,59.235703099999995
881,314.124,57.5609375
882,314.331,53.705390599999994
883,314.524,58.242265599999996
884,314.725,58.454765599999995
885,314.924,56.705625
886,315.129,58.372421900000006
887,315.331,57.258125
888,315.528,57.452031299999994
889,315.724,58.53445309999999
890,315.928,58.16390620000001
891,316.125,55.546171900000004
892,316.328,56.648515599999996
893,316.524,58.299375
894,316.724,56.2673438
895,316.928,45.579921899999995
896,317.124,57.09875
897,317.329,55.5753906
898,317.528,58.0111719
899,317.731,59.41898440000001
900,317.924,58.5357812
901,318.128,58.8014062
902,318.331,57.80929690000001
903,318.535,10.0525781
904,318.725,56.016328099999996
905,318.924,56.210234400000004
906,319.125,57.60875
907,319.328,55.600625
908,319.528,57.3165625
909,319.724,57.5396875
910,319.928,58.6075
911,320.124,58.4401563
912,320.329,57.6339844
913,320.529,58.16390620000001
914,320.727,56.946015599999996
915,320.925,59.1360938
916,321.129,54.2432813
917,321.327,57.711015599999996
918,321.53,57.960703099999996
919,321.732,55.4492188
920,321.928,56.96460940000001
921,322.124,54.62179690000001
922,322.325,56.178359400000005
923,322.527,57.33914059999999
924,322.724,58.420234400000005
925,322.928,56.6511719
926,323.126,58.1878125
927,323.329,51.6839844
928,323.529,56.741484400000004
929,323.725,58.2794531
930,323.925,57.598125
931,324.125,57.6021094
932,324.328,57.9819531
933,324.528,57.3245313
934,324.725,57.1040625
935,324.924,55.859609400000004
936,325.124,55.91804690000001
937,325.329,58.2289844
938,325.525,57.4639844
939,325.728,56.989843799999996
940,325.926,57.23023440000001
941,326.128,55.7546875
942,326.329,57.7455469
943,326.525,57.6910938
944,326.725,55.3894531
945,326.93,55.26195309999999
946,327.126,57.91820309999999
947,327.328,55.4571875
948,327.53,55.734765599999996
949,327.728,56.643203099999994
950,327.93,57.52375
951,328.136,57.1359375
952,328.326,58.5995312
953,328.526,57.2289063
954,328.724,58.65
955,328.928,57.0867969
956,329.127,57.7601563
957,329.324,57.9660156
958,329.528,55.93796879999999
959,329.725,56.9739062
960,329.93,58.381718799999994
961,330.129,56.760078099999994
962,330.325,55.52757809999999
963,330.528,54.868828099999995
964,330.725,56.781328099999996
965,330.927,58.214375
966,331.125,57.1439063
967,331.324,57.3139063
968,331.529,59.0351562
969,331.733,57.23421870000001
970,331.925,56.769375
971,332.124,57.89429690000001
972,332.324,57.174453099999994
973,332.526,57.746875
974,332.724,9.9396875
975,332.929,57.5489844
976,333.124,56.888906299999995
977,333.324,54.8608594
978,333.53,57.428125
979,333.728,56.29257809999999
980,333.924,56.547578099999996
981,334.128,57.531718700000006
982,334.324,51.4170313
983,334.531,58.7442969
984,334.726,57.489218799999996
985,334.924,56.2195313
986,335.129,57.1704687
987,335.324,56.1863281
988,335.524,57.5078125
989,335.726,57.8650781
990,335.931,58.235625
991,336.128,56.744140599999994
992,336.329,56.6153125
993,336.525,57.139921900000004
994,336.729,57.851796900000004
995,336.929,55.981796900000006
996,337.129,56.513046900000006
997,337.324,56.30851559999999
998,337.524,57.56625
999,337.724,55.39078129999999
1000,337.924,55.813125
1001,338.129,57.640625
1002,338.33,56.8822656
1003,338.526,55.898125
1004,338.725,56.876953099999994
1005,338.925,55.7015625
1006,339.125,55.640468799999994
1007,339.324,57.25015629999999
1008,339.526,57.2328906
1009,339.724,56.8171875
1010,339.928,56.06679690000001
1011,340.124,57.9819531
1012,340.328,56.6166406
1013,340.524,57.8624219
1014,340.728,57.360390599999995
1015,340.929,9.98085937
1016,341.125,57.77875
1017,341.324,57.7986719
1018,341.527,57.8796875
1019,341.725,57.86375
1020,341.925,58.375078099999996
1021,342.125,55.7467187
1022,342.327,58.101484400000004
1023,342.525,57.51578129999999
1024,342.724,57.2528125
1025,342.924,56.70695309999999
1026,343.129,58.71507809999999
1027,343.325,58.59023440000001
1028,343.527,57.8996094
1029,343.725,57.8478125
1030,343.924,53.6748438
1031,344.125,57.711015599999996
1032,344.325,54.7771875
1033,344.525,57.99125
1034,344.724,57.223593799999996
1035,344.926,56.17570309999999
1036,345.125,57.6725
1037,345.329,55.5567969
1038,345.525,9.955625
1039,345.724,56.6710937
1040,345.924,57.0270313
1041,346.124,56.8703125
1042,346.328,57.158515599999994
1043,346.525,57.312578099999996
1044,346.725,56.174375
1045,346.924,56.9154688
1046,347.125,57.296640599999996
1047,347.326,56.491796900000004
1048,347.525,58.3764063
1049,347.725,57.7667969
1050,347.929,56.4678906
1051,348.13,57.4095313
1052,348.329,57.8013281
1053,348.529,57.45601559999999
1054,348.729,56.7521094
1055,348.925,56.258046900000004
1056,349.125,56.52632809999999
1057,349.328,56.4798438
1058,349.526,56.725546900000005
1059,349.725,9.96226562
1060,349.926,9.98351562
1061,350.125,9.89320312
1062,350.327,9.90515625
1063,350.524,9.97421875
1064,350.728,9.9396875
1065,350.929,10.0632031
1066,351.125,56.2553906
1067,351.332,57.3524219
1068,351.53,56.78
1069,351.729,56.927421900000006
1070,351.925,56.0721094
1071,352.125,57.4321094
1072,352.326,58.328593700000006
1073,352.525,57.8159375
1074,352.724,9.9078125
1075,352.926,55.51164059999999
1076,353.124,9.86664062
1077,353.325,53.8235938
1078,353.525,56.787968799999994
1079,353.729,56.5435937
1080,353.929,56.3191406
1081,354.13,57.25414059999999
1082,354.329,56.693671900000005
1083,354.524,54.200781299999996
1084,354.727,53.14625
1085,354.925,55.4359375
1086,355.125,56.726875
1087,355.325,55.3615625
1088,355.525,57.37898440000001
1089,355.724,57.49585940000001
1090,355.925,57.0682031
1091,356.124,57.33914059999999
1092,356.329,58.193125
1093,356.529,56.9380469
1094,356.725,57.882343799999994
1095,356.928,57.4121875
1096,357.13,58.6938281
1097,357.328,54.507578099999996
1098,357.529,54.3628125
1099,357.724,56.5874219
1100,357.925,44.6688281
1101,358.124,56.7375
1102,358.329,55.5103125
1103,358.525,56.9792188
1104,358.725,58.239609400000006
1105,358.924,56.5834375
1106,359.125,55.0560938
1107,359.324,57.5649219
1108,359.525,58.13601559999999
1109,359.724,57.240859400000005
1110,359.929,57.62867190000001
1111,360.124,57.1996875
1112,360.325,55.267265599999995
1113,360.527,55.8609375
1114,360.729,56.2686719
1115,360.926,56.54226559999999
1116,361.125,57.6353125
1117,361.324,56.528984400000006
1118,361.525,56.4360156
1119,361.727,57.321875
1120,361.925,57.195703099999996
1121,362.124,57.54367190000001
1122,362.329,56.0628125
1123,362.525,55.9419531
1124,362.725,55.5634375
1125,362.928,56.9486719
1126,363.125,9.8653125
1127,363.324,55.4332813
1128,363.525,56.3390625
1129,363.726,55.640468799999994
1130,363.925,55.963203099999994
1131,364.126,55.5541406
1132,364.324,55.281875
1133,364.525,57.7123438
1134,364.725,52.1196094
1135,364.928,56.71492190000001
1136,365.125,55.6670313
1137,365.325,57.7455469
1138,365.524,56.7388281
1139,365.725,55.345625
1140,365.929,53.2963281
1141,366.125,58.28875
1142,366.324,57.4732812
1143,366.528,58.31265629999999
1144,366.724,56.8849219
1145,366.925,56.045546900000005
1146,367.127,56.42539059999999
1147,367.325,57.1040625
1148,367.525,55.4717969
1149,367.725,56.595390599999995
1150,367.925,55.6351563
1151,368.125,57.3364844
1152,368.325,54.2286719
1153,368.528,56.4426562
1154,368.729,56.4001563
1155,368.928,55.65375
1156,369.125,56.6498438
1157,369.325,56.26070309999999
1158,369.525,56.1039844
1159,369.724,57.952734400000004
1160,369.925,55.086640599999996
1161,370.125,55.6510938
1162,370.325,54.7346875
1163,370.525,9.9290625
1164,370.725,50.0530469
1165,370.924,52.069140600000004
1166,371.132,50.892421899999995
1167,371.324,57.76945309999999
1168,371.525,53.82625
1169,371.724,56.61
1170,371.925,56.7640625
1171,372.125,54.68289059999999
1172,372.325,55.2725781
1173,372.525,53.66421879999999
1174,372.725,9.87726562
1175,372.925,9.83078125
1176,373.125,9.870625
1177,373.324,9.828125
1178,373.525,57.035
1179,373.725,55.1889063
1180,373.925,56.2328125
1181,374.125,56.4771875
1182,374.325,55.640468799999994
1183,374.525,55.5979688
1184,374.724,56.5940625
1185,374.925,52.75046879999999
1186,375.125,10.0034375
1187,375.324,54.30835940000001
1188,375.524,56.86367190000001
1189,375.725,56.8809375
1190,375.925,55.665703099999995
1191,376.125,57.86375
1192,376.325,58.065625
1193,376.525,56.560859400000005
1194,376.725,55.6882813
1195,376.925,57.5901563
1196,377.125,56.4665625
1197,377.325,56.522343799999994
1198,377.525,57.385625
1199,377.724,57.827890599999996
1200,377.928,55.963203099999994
1201,378.13,56.71492190000001
1202,378.329,56.99648440000001
1203,378.526,56.927421900000006
1204,378.725,55.8197656
1205,378.925,57.9753125
1206,379.125,56.906171900000004
1207,379.329,58.052343799999996
1208,379.529,58.185156299999996
1209,379.725,54.198125
1210,379.924,55.165
1211,380.125,56.0521875
1212,380.325,48.5814844
1213,380.525,57.3657031
1214,380.724,52.84875
1215,380.926,56.37625
1216,381.124,54.997656299999996
1217,381.328,9.90382812
1218,381.525,9.93703125
1219,381.726,56.535625
1220,381.925,56.59804690000001
1221,382.125,52.904531299999995
1222,382.325,56.110625
1223,382.524,57.489218799999996
1224,382.726,58.1240625
1225,382.924,57.1532031
1226,383.125,38.3854688
1227,383.325,56.0654688
1228,383.525,55.631171900000005
1229,383.725,55.3084375
1230,383.924,10.028671899999999
1231,384.125,9.92640625
1232,384.325,55.5913281
1233,384.525,55.25796879999999
1234,384.724,56.3629688
1235,384.925,57.32320309999999
1236,385.125,54.1436719
1237,385.325,58.1652344
1238,385.524,58.0178125
1239,385.725,55.9366406
1240,385.925,56.028281299999996
1241,386.125,55.7839063
1242,386.324,56.8849219
1243,386.528,55.461171900000004
1244,386.725,54.763906299999995
1245,386.925,56.26070309999999
1246,387.124,9.97554687
1247,387.325,9.96492187
1248,387.525,9.91179687
1249,387.725,43.6514844
1250,387.926,56.3151563
1251,388.124,52.757109400000004
1252,388.325,56.181015599999995
1253,388.524,54.26851559999999
1254,388.725,9.9290625
1255,388.925,10.0778125
1256,389.124,56.45328129999999
1257,389.325,56.45328129999999
1258,389.526,9.95429687
1259,389.726,57.7282813
1260,389.927,56.952656299999994
1261,390.125,56.32445309999999
1262,390.325,55.8928125
1263,390.524,51.0836719
1264,390.724,9.9821875
1265,390.925,55.734765599999996
1266,391.125,56.8822656
1267,391.325,45.1761719
1268,391.529,54.976406299999994
1269,391.724,55.1995313
1270,391.924,38.0972656
1271,392.125,57.1571875
1272,392.325,56.73484379999999
1273,392.524,56.5502344
1274,392.724,37.3867188
1275,392.924,54.7240625
1276,393.125,55.090625
1277,393.329,56.927421900000006
1278,393.528,53.284375
1279,393.725,9.99945312
1280,393.924,50.7064844
1281,394.124,55.89414059999999
1282,394.325,42.2742188
1283,394.525,56.84375
1284,394.724,56.5183594
1285,394.924,55.299140599999994
1286,395.125,55.51960940000001
1287,395.325,55.661718799999996
1288,395.525,58.0642969
1289,395.725,56.301875
1290,395.926,29.8323437
1291,396.124,54.80375
1292,396.325,57.8345312
1293,396.525,55.7095312
1294,396.724,57.0841406
1295,396.925,56.3496875
1296,397.125,55.400078099999995
1297,397.325,55.0348438
1298,397.528,56.4665625
1299,397.725,46.594609399999996
1300,397.925,9.89054687
1301,398.126,9.97289062
1302,398.324,10.133593699999999
1303,398.525,10.0021094
1304,398.724,9.96757812
1305,398.926,56.1411719
1306,399.125,56.6511719
1307,399.325,56.6046875
1308,399.525,55.6046094
1309,399.725,56.092031299999995
1310,399.925,55.9778125
1311,400.124,53.0134375
1312,400.325,54.9272656
1313,400.524,54.467734400000005
1314,400.725,53.3653906
1315,400.924,56.44132809999999
1316,401.125,54.8130469
1317,401.324,56.1
1318,401.527,10.0207031
1319,401.726,9.99148437
1320,401.925,10.03
1321,402.125,40.2235937
1322,402.325,56.33375
1323,402.525,54.5009375
1324,402.725,54.397343799999994
1325,402.924,55.090625
1326,403.125,55.260625
1327,403.324,55.3071094
1328,403.528,57.4254688
1329,403.724,57.4414062
1330,403.925,55.8383594
1331,404.125,57.8624219
1332,404.326,55.033515599999994
1333,404.526,9.86664062
1334,404.725,49.286718799999996
1335,404.925,54.10648440000001
1336,405.125,54.7878125
1337,405.325,56.5409375
1338,405.525,9.94367187
1339,405.729,56.7109375
1340,405.925,54.4597656
1341,406.125,46.5308594
1342,406.325,56.84773440000001
1343,406.525,55.6032813
1344,406.726,55.83304690000001
1345,406.925,53.138281299999996
1346,407.126,55.397421900000005
1347,407.325,9.94632812
1348,407.525,9.97289062
1349,407.725,55.12914059999999
1350,407.925,56.977890599999995
1351,408.124,56.061484400000005
1352,408.326,55.8689063
1353,408.525,54.7904688
1354,408.725,50.358515600000004
1355,408.925,56.263359400000006
1356,409.125,55.349609400000006
1357,409.325,56.162421900000005
1358,409.525,9.9025
1359,409.725,55.72945309999999
1360,409.925,56.155781299999994
1361,410.124,54.16757809999999
1362,410.325,9.99015625
1363,410.524,56.1398437
1364,410.725,42.2848438
1365,410.925,9.94101562
1366,411.125,9.9503125
1367,411.325,9.85070312
1368,411.526,10.1309375
1369,411.725,9.98617187
1370,411.924,10.1096875
1371,412.125,56.2620313
1372,412.325,54.9910156
1373,412.525,54.900703099999994
1374,412.725,55.3323438
1375,412.925,55.631171900000005
1376,413.125,9.86664062
1377,413.325,10.0153906
1378,413.525,33.196484399999996
1379,413.725,9.96492187
1380,413.926,9.93703125
1381,414.125,9.85867187
1382,414.328,10.2385156
1383,414.525,9.97421875
1384,414.725,10.0233594
1385,414.925,9.8759375
1386,415.125,10.1203125
1387,415.326,10.0021094
1388,415.525,9.99148437
1389,415.725,10.0034375
1390,415.925,9.99546875
1391,416.125,9.86929687
1392,416.325,9.86796875
1393,416.526,10.0446094
1394,416.733,10.096406199999999
1395,416.924,10.0140625
1396,417.125,9.93835937
1397,417.325,9.98085937
1398,417.525,9.89054687
1399,417.726,9.93304687
1400,417.925,10.0698437
1401,418.125,9.8971875
1402,418.325,10.0273437
1403,418.525,9.90117187
1404,418.725,9.97421875
1405,418.925,9.9396875
1406,419.125,9.91578125
1407,419.325,9.92507812
1408,419.525,9.9928125
1409,419.725,9.95695312
1410,419.925,23.643281299999998
1411,420.126,9.9875
1412,420.325,10.0432812
1413,420.525,9.89054687
1414,420.725,9.99546875
1415,420.925,9.92507812
1416,421.125,10.1083594
1417,421.327,9.96226562
1418,421.525,10.03
1419,421.725,9.998125
1420,421.926,9.90382812
1421,422.125,55.7201563
1422,422.324,55.34695309999999
1423,422.525,53.9484375
1424,422.725,55.069375
1425,422.924,55.649765599999995
1426,423.125,45.330234399999995
1427,423.325,57.33914059999999
1428,423.525,10.0791406
1429,423.725,10.128281199999998
1430,423.925,9.99945312
1431,424.125,9.91578125
1432,424.325,46.1828906
1433,424.525,56.819843799999994
1434,424.725,53.936484400000005
1435,424.925,54.8728125
1436,425.125,56.8915625
1437,425.325,9.96757812
1438,425.525,9.9290625
1439,425.725,9.96492187
1440,425.925,9.82546875
1441,426.125,55.4107031
1442,426.325,49.827265600000004
1443,426.525,56.398828099999996
1444,426.725,45.2890625
1445,426.925,55.8888281
1446,427.125,10.000781199999999
1447,427.325,56.6033594
1448,427.527,55.2752344
1449,427.725,56.250078099999996
1450,427.925,55.102578099999995
1451,428.125,55.697578099999994
1452,428.325,54.4252344
1453,428.525,10.080468699999999
1454,428.725,53.673515599999995
1455,428.925,55.9525781
1456,429.125,10.061875
1457,429.325,44.4111719
1458,429.525,57.1359375
1459,429.725,52.4715625
1460,429.924,56.8145313
1461,430.124,48.7142969
1462,430.325,10.0419531
1463,430.525,10.0127344
1464,430.725,10.0114062
1465,430.925,10.0180469
1466,431.125,9.89453125
1467,431.325,48.1471875
1468,431.525,10.0419531
1469,431.725,9.96359375
1470,431.925,9.85734375
1471,432.125,10.065859399999999
1472,432.325,54.0573438
1473,432.525,9.96757812
1474,432.725,9.90382812
1475,432.925,54.25125
1476,433.125,55.3071094
1477,433.325,9.92109375
1478,433.53,9.97554687
1479,433.725,10.007421899999999
1480,433.925,10.0100781
1481,434.124,9.88257812
1482,434.325,55.5475
1483,434.525,55.6829688
1484,434.725,56.570156299999994
1485,434.925,55.5475
1486,435.125,9.84140625
1487,435.325,56.46523440000001
1488,435.525,56.5555469
1489,435.725,54.765234400000004
1490,435.925,54.6815625
1491,436.124,54.599218799999996
1492,436.325,56.3284375
1493,436.528,9.89851562
1494,436.725,38.1052344
1495,436.925,56.0083594
1496,437.125,54.749296900000004
1497,437.325,55.22875
1498,437.525,56.2075781
1499,437.725,56.5754687
1500,437.925,56.811875
1501,438.125,55.2778906
1502,438.325,9.93171875
1503,438.526,9.92242187
1504,438.725,56.6339063
1505,438.927,54.382734400000004
1506,439.125,56.4639063
1507,439.324,54.1303906
1508,439.525,53.24585940000001
1509,439.725,53.891328099999996
1510,439.925,9.90914062
1511,440.125,54.435859400000005
1512,440.325,48.08609379999999
1513,440.525,9.96757812
1514,440.725,9.87460937
1515,440.925,9.82148437
1516,441.125,9.9609375
1517,441.325,9.84007812
1518,441.534,9.97023437
1519,441.724,9.98085937
1520,441.925,9.97554687
1521,442.124,10.0114062
1522,442.326,9.99679687
1523,442.524,9.94898437
1524,442.726,10.084453100000001
1525,442.927,9.89320312
1526,443.125,9.99148437
1527,443.325,9.99414062
1528,443.525,9.92109375
1529,443.726,9.88390625
1530,443.925,56.26070309999999
1531,444.125,38.3496094
1532,444.325,9.8971875
1533,444.526,55.87820309999999
1534,444.725,9.97953125
1535,444.925,10.080468699999999
1536,445.125,10.0047656
1537,445.325,10.00875
1538,445.525,56.5210156
1539,445.725,10.1389062
1540,445.929,10.0392969
1541,446.128,54.71875
1542,446.325,10.0140625
1543,446.526,9.95960937
1544,446.725,10.0645312
1545,446.925,9.97953125
1546,447.125,9.99015625
1547,447.326,9.97953125
1548,447.525,9.9609375
1549,447.724,10.1017187
1550,447.925,9.99945312
1551,448.125,9.88257812
1552,448.325,10.0180469
1553,448.525,10.0791406
1554,448.733,10.0725
1555,448.925,10.000781199999999
1556,449.127,10.1096875
1557,449.325,9.9715625
1558,449.525,10.0021094
1559,449.726,9.91179687
1560,449.925,9.97421875
1561,450.126,9.94898437
1562,450.325,9.9503125
1563,450.525,10.0273437
1564,450.725,54.5248438
1565,450.925,54.133046900000004
1566,451.126,9.92507812
1567,451.327,45.2107031
1568,451.525,56.2301563
1569,451.725,9.99414062
1570,451.925,9.9609375
1571,452.126,9.96359375
1572,452.326,9.96359375
1573,452.525,10.0114062
1574,452.725,9.998125
1575,452.925,9.955625
1576,453.125,56.7866406
1577,453.325,9.94234375
1578,453.525,10.0565625
1579,453.725,56.98851559999999
1580,453.926,55.2685938
1581,454.128,57.6060937
1582,454.325,53.8926563
1583,454.525,55.9871094
1584,454.725,55.5528125
1585,454.925,55.1450781
1586,455.125,57.195703099999996
1587,455.325,9.90117187
1588,455.525,10.019375
1589,455.725,56.174375
1590,455.926,9.92375
1591,456.124,10.0339844
1592,456.327,10.0817969
1593,456.525,9.96359375
1594,456.724,9.9875
1595,456.93,9.9715625
1596,457.125,10.1083594
1597,457.325,10.1349219
1598,457.525,10.0140625
1599,457.727,9.96492187
1600,457.925,55.979140599999994
1601,458.125,56.117265599999996
1602,458.325,56.1371875
1603,458.526,54.2605469
1604,458.725,55.8038281
1605,458.925,55.528906299999996
1606,459.13,55.5475
1607,459.325,56.4705469
1608,459.528,10.084453100000001
1609,459.725,10.026015600000001
1610,459.925,10.149531199999998
1611,460.126,9.9875
1612,460.325,52.9470313
1613,460.525,9.96890625
1614,460.725,10.0778125
1615,460.925,9.99015625
1616,461.125,9.98882812
1617,461.325,9.8653125
1618,461.524,9.934375
1619,461.725,9.85867187
1620,461.925,9.93835937
1621,462.125,10.016718699999998
1622,462.324,10.0034375
1623,462.525,10.0764844
1624,462.725,9.9396875
1625,462.925,9.93171875
1626,463.125,9.9396875
1627,463.325,9.89453125
1628,463.524,51.2071875
1629,463.725,54.2751563
1630,463.924,55.8396875
1631,464.125,54.6802344
1632,464.329,10.0127344
1633,464.525,10.0233594
1634,464.725,33.5178906
1635,464.925,53.8209375
1636,465.125,43.8759375
1637,465.325,9.94765625
1638,465.525,56.3948438
1639,465.725,55.27125
1640,465.925,53.593828099999996
1641,466.125,55.2898438
1642,466.325,9.99015625
1643,466.525,9.97554687
1644,466.725,55.0853125
1645,466.924,54.4876563
1646,467.125,55.3535938
1647,467.325,55.4213281
1648,467.526,55.0414844
1649,467.724,9.97820312
1650,467.934,50.741015600000004
1651,468.124,54.4119531
1652,468.325,55.4903906
1653,468.524,55.6776562
1654,468.726,56.18367190000001
1655,468.928,54.7878125
1656,469.125,55.466484400000006
1657,469.325,9.89851562
1658,469.526,56.357656299999995
1659,469.725,56.032265599999995
1660,469.925,9.92375
1661,470.125,9.85601562
1662,470.326,9.97421875
1663,470.525,9.89585937
1664,470.725,9.94765625
1665,470.925,9.945
1666,471.126,9.95429687
1667,471.326,53.21
1668,471.525,9.849375
1669,471.727,9.90648437
1670,471.926,9.9715625
1671,472.131,9.95828125
1672,472.326,55.678984400000004
1673,472.525,10.0114062
1674,472.725,9.8865625
1675,472.926,9.91046875
1676,473.126,55.867578099999996
1677,473.325,56.430703099999995
1678,473.525,54.920625
1679,473.725,9.89054687
1680,473.925,56.4732031
1681,474.125,53.8275781
1682,474.324,55.0321875
1683,474.525,9.87460937
1684,474.725,55.090625
1685,474.925,10.0791406
1686,475.126,9.93570312
1687,475.325,55.9897656
1688,475.525,9.96492187
1689,475.725,9.93703125
1690,475.925,9.93039062
1691,476.125,10.0552344
1692,476.326,53.0320313
1693,476.525,10.1827344
1694,476.725,9.90515625
1695,476.926,9.89585937
1696,477.125,9.92640625
1697,477.326,10.0127344
1698,477.525,9.90382812
1699,477.727,10.037968699999999
1700,477.925,10.0339844
1701,478.125,9.92507812
1702,478.325,9.93835937
1703,478.525,10.0645312
1704,478.725,10.0632031
1705,478.926,9.94632812
1706,479.125,9.92242187
1707,479.325,9.95296875
1708,479.525,10.016718699999998
1709,479.729,9.8759375
1710,479.925,10.1654687
1711,480.124,9.97023437
1712,480.325,9.891875
1713,480.525,9.88921875
1714,480.725,10.0021094
1715,480.925,10.0353125
1716,481.125,9.95960937
1717,481.325,10.1349219
1718,481.525,10.059218699999999
1719,481.725,10.059218699999999
1720,481.924,9.76703125
1721,482.125,9.85867187
1722,482.326,10.0366406
1723,482.525,10.0685156
1724,482.725,9.94367187
1725,482.925,10.0578906
1726,483.125,10.0021094
1727,483.326,9.9078125
1728,483.525,9.9715625
1729,483.728,10.0153906
1730,483.924,9.89585937
1731,484.125,10.0326562
1732,484.325,9.88390625
1733,484.525,10.0180469
1734,484.724,9.82945312
1735,484.926,9.89320312
1736,485.125,9.99945312
1737,485.326,10.0127344
1738,485.526,9.96890625
1739,485.725,9.97421875
1740,485.925,9.998125
1741,486.125,9.84804687
1742,486.325,9.93703125
1743,486.53,9.84273437
1744,486.725,10.0884375
1745,486.925,10.061875
1746,487.125,9.97421875
1747,487.325,9.9078125
1748,487.525,10.168125
1749,487.725,10.1508594
1750,487.925,10.075156199999999
1751,488.125,10.026015600000001
1752,488.326,10.0671875
1753,488.525,9.86664062
1754,488.728,9.98085937
1755,488.925,10.083125
1756,489.125,10.0552344
1757,489.325,9.93835937
1758,489.525,10.0326562
1759,489.725,10.115
1760,489.926,10.104375
1761,490.125,9.98351562
1762,490.326,10.1083594
1763,490.525,10.1229687
1764,490.725,10.154843699999999
1765,490.925,9.97953125
1766,491.125,9.955625
1767,491.325,10.186718699999998
1768,491.525,9.764375
1769,491.725,9.88257812
1770,491.925,9.700625
